MAP_ID	GAMESVR_SET_1	GAMESVR_SET_2	GAMESVR_SET_3	GAMESVR_SET_4	GAMESVR_SET_5	GAMESVR_SET_6	GAMESVR_SET_7	GAMESVR_SET_8	GAMESVR_SET_9	GAMESVR_SET_10	GAMESVR_SET_11	GAMESVR_SET_12	GAMESVR_SET_13	GAMESVR_SET_14	GAMESVR_SET_15	GAMESVR_SET_16	备注
1	1	1	1	1	1	1	1	1	1	1	1	1	1	1	1	1	云中镇
2	1	1	1	1	2	2	2	2	2	2	2	2	2	2	2	2	龙门镇
3	1	1	1	2	3	3	7	7	7	7	7	7	7	7	7	7	永乐镇
4	1	1	2	2	4	4	4	4	4	4	4	4	4	4	4	4	稻香村
5	1	2	3	3	5	5	5	5	5	5	5	5	5	5	5	5	江津村
6	1	2	3	3	3	6	6	6	6	6	6	6	6	6	6	6	石鼓镇
7	1	2	2	4	2	4	3	3	3	3	3	3	3	3	3	3	龙泉村
8	1	2	2	4	5	5	7	7	7	7	7	7	7	7	8	8	巴陵县
9	1	1	1	1	1	1	1	1	1	1	1	1	1	1	9	9	少林派
10	1	1	1	1	1	1	1	1	1	1	1	1	1	1	9	9	天忍教
11	1	1	1	1	1	1	1	1	1	1	1	1	1	1	10	10	萨满教
12	1	1	1	1	2	2	2	2	2	2	2	2	2	2	10	10	昆仑派
13	1	1	1	1	2	2	2	2	2	2	2	2	2	2	10	10	西夏一品堂
14	1	1	1	2	3	3	3	3	3	3	3	3	3	3	10	10	武当派
15	1	1	2	2	4	4	4	4	4	4	4	4	4	4	11	11	丐帮
16	1	2	3	3	5	5	5	5	5	5	5	5	5	5	11	11	峨嵋派
17	1	2	3	3	3	6	6	6	6	6	6	6	6	6	12	12	翠烟门
18	1	2	3	3	3	6	6	6	6	6	6	6	6	6	12	12	唐门
19	1	2	3	3	3	6	2	2	2	2	2	2	2	2	13	13	大理段氏
20	1	2	2	4	2	4	3	3	3	3	3	3	3	3	13	13	五毒教
21	1	2	2	4	2	4	3	3	3	3	3	3	3	3	13	13	长歌门
22	1	2	2	4	5	5	7	7	7	7	7	7	7	7	13	13	天王帮
23	1	1	1	1	1	1	1	1	1	1	1	1	1	1	1	1	汴京府
24	1	1	1	1	2	2	2	2	2	2	2	2	2	2	2	2	凤翔府
25	1	1	1	2	3	3	7	7	7	7	7	7	7	7	7	7	襄阳府
26	1	1	2	2	4	4	4	4	4	4	4	4	4	4	4	4	扬州府
27	1	2	3	3	5	5	5	5	5	5	5	5	5	5	5	5	成都府
28	1	2	3	3	3	6	6	6	6	6	6	6	6	6	6	6	大理府
29	1	2	2	4	2	4	3	3	3	3	3	3	3	3	3	3	临安府
30	1	1	1	1	1	1	1	1	1	1	1	1	1	1	1	1	古战场
31	1	1	1	1	2	2	2	2	2	2	2	2	2	2	2	2	龙门客栈
32	1	1	1	2	3	3	7	7	7	7	7	7	7	7	7	7	军马场
33	1	1	2	2	4	4	4	4	4	4	4	4	4	4	1	4	梅花岭
34	1	2	3	3	5	5	5	5	5	5	5	5	5	5	2	5	长江河谷
35	1	2	3	3	3	6	6	6	6	6	6	6	6	6	6	6	白族市集
36	1	2	2	4	2	4	3	3	3	3	3	3	3	3	3	3	雁荡龙湫
37	1	2	2	4	5	5	7	7	7	7	7	7	7	7	7	7	洞庭湖畔
38	1	1	1	1	1	1	1	1	1	1	1	1	1	1	1	1	镇东墓园
39	1	1	1	1	2	2	2	2	2	2	2	2	2	2	2	2	祁连山
40	1	1	1	2	3	3	7	7	7	7	7	7	7	7	7	7	潼关
41	1	1	2	2	4	4	4	4	4	4	4	4	4	4	4	4	淮水沙洲
42	1	2	3	3	5	5	5	5	5	5	5	5	5	5	5	5	蜀南竹海
43	1	2	3	3	3	6	6	6	6	6	6	6	6	6	6	6	茶马古道
44	1	2	2	4	2	4	3	3	3	3	3	3	3	3	3	3	铸剑坊
45	1	2	2	4	5	5	7	7	7	7	7	7	7	7	7	7	岳阳楼
46	1	1	1	1	1	1	1	1	1	1	1	1	1	1	8	1	后山禁地
47	1	1	1	1	1	1	1	1	1	1	1	1	1	1	8	1	天忍教禁地
48	1	1	1	1	2	2	2	2	2	2	2	2	2	2	9	2	见性峰
49	1	1	1	2	3	3	3	3	3	3	3	3	3	3	10	3	天柱峰
50	1	1	2	2	4	4	4	4	4	4	4	4	4	4	11	4	姑苏水榭
51	1	2	3	3	5	5	5	5	5	5	5	5	5	5	12	5	九老峰
52	1	2	3	3	3	6	6	6	6	6	6	6	6	6	13	6	百花谷
53	1	2	3	3	3	6	6	6	6	6	6	6	6	6	13	6	翡翠湖
54	1	2	2	4	2	4	3	3	3	3	3	3	3	3	10	3	南夷部落
55	1	2	2	4	5	5	6	6	6	6	6	6	6	6	12	9	青螺岛
56	1	1	1	1	1	1	1	1	1	1	1	1	1	1	1	1	塔林东部
57	1	1	1	1	1	1	1	1	1	1	1	1	1	1	1	1	金国皇陵一层
58	1	1	1	1	2	2	2	2	2	2	2	2	2	2	2	2	冰穴迷宫一层
59	1	1	1	2	3	3	2	2	2	2	2	2	2	2	2	2	龙虎幻境东部
60	1	1	2	2	4	4	4	4	4	4	4	4	4	4	4	4	燕子坞外围
61	1	2	3	3	5	5	5	5	5	5	5	5	5	5	5	5	九老洞一层
62	1	2	3	3	3	6	6	6	6	6	6	6	6	6	6	6	百花阵外阵
63	1	2	3	3	3	6	6	6	6	6	6	6	6	6	6	6	湖畔竹林东部
64	1	2	2	4	2	4	3	3	3	3	3	3	3	3	3	3	原始森林东部
65	1	2	2	4	5	5	7	7	7	7	7	7	7	7	7	7	芦苇荡东南部
66	1	1	1	1	1	1	1	1	1	1	1	1	1	1	8	1	塔林西部
67	1	1	1	1	1	1	1	1	1	1	1	1	1	1	8	1	金国皇陵二层
68	1	1	1	1	2	2	2	2	2	2	2	2	2	2	9	2	冰穴迷宫二层
69	1	1	1	2	3	3	2	2	2	2	2	2	2	2	9	2	龙虎幻境西部
70	1	1	2	2	4	4	4	4	4	4	4	4	4	4	11	4	燕子坞中段
71	1	2	3	3	5	5	5	5	5	5	5	5	5	5	12	5	九老洞二层
72	1	2	3	3	3	6	6	6	6	6	6	6	6	6	13	6	百花阵内阵
73	1	2	3	3	3	6	6	6	6	6	6	6	6	6	13	6	湖畔竹林西部
74	1	2	2	4	2	4	3	3	3	3	3	3	3	3	10	3	原始森林西部
75	1	2	2	4	5	5	5	5	5	5	5	5	5	5	12	5	芦苇荡西北部
76	1	1	1	1	1	1	1	1	1	1	1	1	1	1	1	1	塔林中部
77	1	1	1	1	1	1	1	1	1	1	1	1	1	1	1	1	金国皇陵三层
78	1	1	1	1	2	2	2	2	2	2	2	2	2	2	2	2	冰穴迷宫三层
79	1	1	1	2	3	3	3	3	3	3	3	3	3	3	3	3	龙虎幻境中部
80	1	1	2	2	4	4	4	4	4	4	4	4	4	4	4	4	燕子坞内部
81	1	2	3	3	5	5	5	5	5	5	5	5	5	5	5	5	九老洞三层
82	1	2	3	3	3	6	6	6	6	6	6	6	6	6	6	6	百花阵阵眼
83	1	2	3	3	3	6	6	6	6	6	6	6	6	6	6	6	湖畔竹林中部
84	1	2	2	4	2	4	3	3	3	3	3	3	3	3	3	3	原始森林中部
85	1	2	2	4	5	5	7	7	7	7	7	7	7	7	7	7	芦苇荡中部
86	1	1	1	1	1	1	1	1	1	1	1	1	1	1	8	1	太行古径
87	1	1	1	1	2	2	2	2	2	2	2	2	2	2	9	2	大散关
88	1	1	1	2	3	3	7	7	7	7	7	7	7	7	8	7	汉水古渡
89	1	1	2	2	4	4	4	4	4	4	4	4	4	4	11	4	寒山古刹
90	1	2	3	3	5	5	5	5	5	5	5	5	5	5	11	5	浣花溪
91	1	2	3	3	3	6	6	6	6	6	6	6	6	6	13	6	洱海摩岩
92	1	2	2	4	2	4	3	3	3	3	3	3	3	3	9	3	采石矶
93	1	1	1	1	1	1	1	1	1	1	1	1	1	1	8	1	药王洞
94	1	1	1	1	2	2	2	2	2	2	2	2	2	2	9	2	居延泽
95	1	1	1	2	3	3	7	7	7	7	7	7	7	7	7	7	伏牛山
96	1	1	2	2	4	4	4	4	4	4	4	4	4	4	4	4	虎丘剑池
97	1	2	3	3	5	5	5	5	5	5	5	5	5	5	5	5	响水洞
98	1	2	3	3	3	6	6	6	6	6	6	6	6	6	6	6	点苍山
99	1	2	2	4	2	4	3	3	3	3	3	3	3	3	3	3	彭蠡古泽
100	1	1	1	1	1	1	1	1	1	1	1	1	1	1	1	1	风陵渡
101	1	1	1	1	2	2	2	2	2	2	2	2	2	2	2	2	沙漠迷宫
102	1	1	1	2	3	3	7	7	7	7	7	7	7	7	3	3	鸡冠洞
103	1	1	2	2	4	4	4	4	4	4	4	4	4	4	11	4	蜀冈山
104	1	2	3	3	5	5	5	5	5	5	5	5	5	5	12	5	剑阁蜀道
105	1	2	3	3	3	6	6	6	6	6	6	6	6	6	13	6	段氏皇陵
106	1	2	2	4	2	4	3	3	3	3	3	3	3	3	10	3	九嶷溪
107	1	1	1	1	1	1	1	1	1	1	1	1	1	1	8	1	龙门石窟
108	1	1	1	1	2	2	2	2	2	2	2	2	2	2	9	2	西夏皇陵
109	1	1	1	2	3	3	7	7	7	7	7	7	7	7	6	6	黄鹤楼
110	1	1	2	2	4	4	4	4	4	4	4	4	4	4	4	4	荐菊洞
111	1	2	3	3	5	5	5	5	5	5	5	5	5	5	9	5	剑门关
112	1	2	3	3	3	6	6	6	6	6	6	6	6	6	6	6	天龙寺
113	1	2	2	4	2	4	3	3	3	3	3	3	3	3	3	3	帮源秘洞
114	1	1	1	1	1	1	1	1	1	1	1	1	1	1	8	1	敕勒川
115	1	1	1	1	2	2	2	2	2	2	2	2	2	2	9	2	嘉峪关
116	1	1	1	2	3	3	7	7	7	7	7	7	7	7	5	5	华山
117	1	1	2	2	4	4	4	4	4	4	4	4	4	4	11	4	蜀冈秘境
118	1	2	3	3	5	5	5	5	5	5	5	5	5	5	12	5	丰都鬼城
119	1	2	3	3	3	6	6	6	6	6	6	6	6	6	13	6	苗岭
120	1	2	2	4	2	4	3	3	3	3	3	3	3	3	10	3	武夷山
121	1	2	2	4	5	5	7	7	7	7	7	7	7	7	8	4	武陵山
122	1	1	1	1	1	1	1	1	1	1	1	1	1	1	1	1	漠北草原
123	1	1	1	1	2	2	2	2	2	2	2	2	2	2	2	2	敦煌古城
124	1	1	1	2	3	3	7	7	7	7	7	7	7	7	7	7	活死人墓
125	1	1	2	2	4	4	4	4	4	4	4	4	4	4	4	4	大禹台
126	1	2	3	3	5	5	5	5	5	5	5	5	5	5	5	5	三峡栈道
127	1	2	3	3	3	6	6	6	6	6	6	6	6	6	6	6	蚩尤洞
128	1	2	2	4	2	4	3	3	3	3	3	3	3	3	13	3	锁云渊
129	1	2	2	4	5	5	7	7	7	7	7	7	7	7	2	2	伏流洞
130	1	1	1	1	1	1	1	1	1	1	1	1	1	1	8	1	蒙古王庭
131	1	1	1	1	2	2	2	2	2	2	2	2	2	2	9	2	月牙泉
132	1	1	1	2	3	3	7	7	7	7	7	7	7	7	7	7	阿房宫废墟
133	1	1	2	2	4	4	4	4	4	4	4	4	4	4	11	4	梁山泊
134	1	2	3	3	5	5	5	5	5	5	5	5	5	5	13	5	神女峰
135	1	2	3	3	3	6	6	6	6	6	6	6	6	6	13	6	夜郎旧墟
136	1	2	2	4	2	4	3	3	3	3	3	3	3	3	14	3	鼓浪屿
137	1	2	2	4	5	5	7	7	7	7	7	7	7	7	14	4	桃花源
138	1	1	1	1	1	1	1	1	1	1	1	1	1	1	1	1	云中镇_室内
139	1	1	1	1	2	2	2	2	2	2	2	2	2	2	2	2	龙门镇_室内
140	1	1	1	2	3	3	7	7	7	7	7	7	7	7	7	7	永乐镇_室内
141	1	1	2	2	4	4	4	4	4	4	4	4	4	4	4	4	稻香村_室内
142	1	2	3	3	5	5	5	5	5	5	5	5	5	5	5	5	江津村_室内
143	1	2	3	3	3	6	6	6	6	6	6	6	6	6	6	6	江津村_室内
144	1	2	2	4	2	4	3	3	3	3	3	3	3	3	3	3	龙泉村_室内
145	1	2	2	4	5	5	7	7	7	7	7	7	7	7	7	7	巴陵县_室内
146	1	1	1	1	1	1	1	1	1	1	1	1	1	1	1	1	少林派_室内
147	1	1	1	1	1	1	1	1	1	1	1	1	1	1	1	1	天忍教_室内
148	1	1	1	1	1	1	1	1	1	1	1	1	1	1	1	1	萨满教_室内
149	1	1	1	1	2	2	2	2	2	2	2	2	2	2	2	2	昆仑派_室内
150	1	1	1	1	2	2	2	2	2	2	2	2	2	2	2	2	西夏一品堂_室内
151	1	1	1	2	3	3	3	3	3	3	3	3	3	3	3	3	武当派_室内
152	1	1	2	2	4	4	4	4	4	4	4	4	4	4	4	4	丐帮_室内
153	1	2	3	3	5	5	5	5	5	5	5	5	5	5	5	5	峨嵋派_室内
154	1	2	3	3	3	6	6	6	6	6	6	6	6	6	6	6	翠烟门_室内
155	1	2	3	3	3	6	6	6	6	6	6	6	6	6	6	6	唐门_室内
156	1	2	3	3	3	6	2	2	2	2	2	2	2	2	2	2	大理段氏_室内
157	1	2	2	4	2	4	3	3	3	3	3	3	3	3	3	3	五毒教_室内
158	1	2	2	4	2	4	3	3	3	3	3	3	3	3	3	3	长歌门_室内
159	1	2	2	4	5	5	7	7	7	7	7	7	7	7	7	7	天王帮_室内
160	1	1	1	1	1	1	1	1	1	1	1	1	1	1	1	1	汴京府_室内
161	1	1	1	1	2	2	2	2	2	2	2	2	2	2	2	2	凤翔府_室内
162	1	1	1	2	3	3	7	7	7	7	7	7	7	7	7	7	襄阳府_室内
163	1	1	2	2	4	4	4	4	4	4	4	4	4	4	4	4	扬州府_室内
164	1	2	3	3	5	5	5	5	5	5	5	5	5	5	5	5	成都府_室内
165	1	2	3	3	3	6	6	6	6	6	6	6	6	6	6	6	大理府_室内
166	1	2	2	4	2	4	3	3	3	3	3	3	3	3	3	3	临安府_室内
167	1	1	1	1	1	1	1	1	1	1	1	1	1	1	1	1	武林擂台(汴京)
168	1	1	1	1	2	2	2	2	2	2	2	2	2	2	2	2	武林擂台(凤翔)
169	1	1	1	2	3	3	7	7	7	7	7	7	7	7	7	7	武林擂台(襄阳)
170	1	1	2	2	4	4	4	4	4	4	4	4	4	4	4	4	武林擂台(扬州)
171	1	2	3	3	5	5	5	5	5	5	5	5	5	5	5	5	武林擂台(成都)
172	1	2	3	3	3	6	6	6	6	6	6	6	6	6	6	6	武林擂台(大理)
173	1	2	2	4	2	4	3	3	3	3	3	3	3	3	3	3	武林擂台(临安)
174	1	1	1	1	1	1	1	1	1	1	1	1	1	1	1	1	铁索栈桥(汴京)
175	1	1	1	1	2	2	2	2	2	2	2	2	2	2	2	2	铁索栈桥(凤翔)
176	1	1	1	2	3	3	7	7	7	7	7	7	7	7	7	7	铁索栈桥(襄阳)
177	1	1	2	2	4	4	4	4	4	4	4	4	4	4	4	4	铁索栈桥(扬州)
178	1	2	3	3	5	5	5	5	5	5	5	5	5	5	5	5	铁索栈桥(成都)
179	1	2	3	3	3	6	6	6	6	6	6	6	6	6	6	6	铁索栈桥(大理)
180	1	2	2	4	2	4	3	3	3	3	3	3	3	3	3	3	铁索栈桥(临安)
181	1	1	1	1	4	4	4	4	4	4	4	4	4	4	11	11	战场报名点_宋(扬州一)
182	1	2	2	2	2	1	2	2	2	2	2	2	2	2	9	9	战场报名点_宋(凤翔一)
183	1	2	3	3	5	6	7	7	7	7	7	7	7	7	14	14	战场报名点_宋(襄阳一)
184	1	1	1	1	4	4	4	4	4	4	4	4	4	4	11	11	战场报名点_金(扬州一)
185	1	2	2	2	2	1	2	2	2	2	2	2	2	2	9	9	战场报名点_金(凤翔一)
186	1	2	3	3	5	6	7	7	7	7	7	7	7	7	14	14	战场报名点_金(襄阳一)
187	1	1	1	1	4	4	4	4	4	4	4	4	4	4	11	11	九曲之战(扬州一)
188	1	2	2	2	2	1	2	2	2	2	2	2	2	2	9	9	九曲之战(凤翔一)
189	1	2	3	3	5	6	7	7	7	7	7	7	7	7	14	14	九曲之战(襄阳一)
190	1	1	1	1	4	4	4	4	4	4	4	4	4	4	11	11	五丈原之战(扬州一)
191	1	2	2	2	2	1	2	2	2	2	2	2	2	2	9	9	五丈原之战(凤翔一)
192	1	2	3	3	5	6	7	7	7	7	7	7	7	7	14	14	五丈原之战(襄阳一)
193	1	1	1	1	4	4	4	4	4	4	4	4	4	4	11	11	蟠龙谷之战(扬州一)
194	1	2	2	2	2	1	2	2	2	2	2	2	2	2	9	9	蟠龙谷之战(凤翔一)
195	1	2	3	3	5	6	7	7	7	7	7	7	7	7	14	14	蟠龙谷之战(襄阳一)
196	1	1	1	1	2	2	2	2	2	2	2	2	2	2	9	2	见性峰_室内
197	1	2	3	3	5	5	5	5	5	5	5	5	5	5	12	5	九老峰_室内
198	1	2	2	4	5	5	7	7	7	7	7	7	7	7	14	7	青螺岛_室内
199	1	1	1	2	3	3	3	3	3	3	3	3	3	3	10	3	龙虎幻境东部_室内
200	1	1	2	2	4	4	4	4	4	4	4	4	4	4	11	4	燕子坞外围_室内
201	1	2	3	3	3	6	6	6	6	6	6	6	6	6	13	6	湖畔竹林东部_室内
202	1	1	1	1	1	1	1	1	1	1	1	1	1	1	8	1	塔林西部_室内
203	1	1	1	1	1	1	1	1	1	1	1	1	1	1	8	1	金国皇陵二层_室内
204	1	2	3	3	3	6	6	6	6	6	6	6	6	6	13	6	百花阵内阵_室内
205	1	2	2	4	2	4	3	3	3	3	3	3	3	3	10	3	原始森林西部_室内
206	1	1	1	1	2	2	2	2	2	2	2	2	2	2	9	2	大散关_室内
207	1	1	1	2	3	3	7	7	7	7	7	7	7	7	14	7	汉水古渡_室内
208	1	2	3	3	5	5	5	5	5	5	5	5	5	5	12	5	浣花溪_室内
209	1	2	3	3	3	6	6	6	6	6	6	6	6	6	13	6	洱海摩岩_室内
210	1	1	1	1	2	2	2	2	2	2	2	2	2	2	9	2	居延泽_室内
211	1	1	1	2	3	3	7	7	7	7	7	7	7	7	14	7	伏牛山_室内
212	1	2	3	3	3	6	6	6	6	6	6	6	6	6	13	6	点苍山_室内
213	1	2	2	4	2	4	3	3	3	3	3	3	3	3	10	3	彭蠡古泽_室内
214	1	1	1	1	2	2	2	2	2	2	2	2	2	2	9	2	沙漠迷宫_室内
215	1	1	1	2	3	3	7	7	7	7	7	7	7	7	14	7	鸡冠洞_室内
216	1	2	3	3	5	5	5	5	5	5	5	5	5	5	12	5	剑阁蜀道_室内
217	1	2	2	4	2	4	3	3	3	3	3	3	3	3	10	3	九嶷溪_室内
218	1	1	1	1	1	1	1	1	1	1	1	1	1	1	8	1	龙门石窟_室内
219	1	1	1	1	2	2	2	2	2	2	2	2	2	2	9	2	西夏皇陵_室内
220	1	2	3	3	3	6	6	6	6	6	6	6	6	6	13	6	天龙寺_室内
221	1	2	2	4	2	4	3	3	3	3	3	3	3	3	10	3	帮源秘洞_室内
222	1	1	1	1	1	1	1	1	1	1	1	1	1	1	8	1	汴京府大牢
223	1	2	2	4	2	4	3	3	3	3	3	3	3	3	10	3	临安府大牢
224	1	2	2	4	2	4	7	7	7	7	7	7	7	7	14	14	明教
225	1	1	1	2	3	3	6	6	6	6	6	6	6	6	13	13	白虎堂大殿(初级一)
226	1	1	1	2	3	3	6	6	6	6	6	6	6	6	13	13	白虎堂一层_东(初级一)
227	1	1	1	2	3	3	6	6	6	6	6	6	6	6	13	13	白虎堂一层_南(初级一)
228	1	1	1	2	3	3	6	6	6	6	6	6	6	6	13	13	白虎堂一层_西(初级一)
229	1	1	1	2	3	3	6	6	6	6	6	6	6	6	13	13	白虎堂一层_北(初级一)
230	1	1	1	2	3	3	6	6	6	6	6	6	6	6	13	13	白虎堂二层_阴(初级一)
231	1	1	1	2	3	3	6	6	6	6	6	6	6	6	13	13	白虎堂二层_阳(初级一)
232	1	1	1	2	3	3	6	6	6	6	6	6	6	6	13	13	白虎堂三层(初级一)
233	1	2	3	3	5	2	5	5	5	5	5	5	5	5	12	12	白虎堂大殿(高级)
234	1	2	3	3	5	2	5	5	5	5	5	5	5	5	12	12	白虎堂一层_东(高级)
235	1	2	3	3	5	2	5	5	5	5	5	5	5	5	12	12	白虎堂一层_南(高级)
236	1	2	3	3	5	2	5	5	5	5	5	5	5	5	12	12	白虎堂一层_西(高级)
237	1	2	3	3	5	2	5	5	5	5	5	5	5	5	12	12	白虎堂一层_北(高级)
238	1	2	3	3	5	2	5	5	5	5	5	5	5	5	12	12	白虎堂二层_阴(高级)
239	1	2	3	3	5	2	5	5	5	5	5	5	5	5	12	12	白虎堂二层_阳(高级)
240	1	2	3	3	5	2	5	5	5	5	5	5	5	5	12	12	白虎堂三层(高级)
241	1	1	1	1	1	1	1	1	1	1	1	1	1	1	9	9	门派竞技场(少林)
242	1	2	2	4	5	5	7	7	7	7	7	7	7	7	13	13	门派竞技场(天王)
243	1	2	3	3	3	6	6	6	6	6	6	6	6	6	12	12	门派竞技场(唐门)
244	1	2	2	4	2	4	3	3	3	3	3	3	3	3	13	13	门派竞技场(五毒)
245	1	2	3	3	5	5	5	5	5	5	5	5	5	5	11	11	门派竞技场(峨嵋)
246	1	2	3	3	3	6	6	6	6	6	6	6	6	6	12	12	门派竞技场(翠烟)
247	1	1	2	2	4	4	4	4	4	4	4	4	4	4	11	11	门派竞技场(丐帮)
248	1	1	1	1	1	1	1	1	1	1	1	1	1	1	9	9	门派竞技场(天忍)
249	1	1	1	2	3	3	3	3	3	3	3	3	3	3	10	10	门派竞技场(武当)
250	1	1	1	1	2	2	2	2	2	2	2	2	2	2	10	10	门派竞技场(昆仑)
251	1	2	2	4	2	4	7	7	7	7	7	7	7	7	14	14	门派竞技场(明教)
252	1	2	3	3	3	6	2	2	2	2	2	2	2	2	13	13	门派竞技场(段氏)
255	1	1	2	2	4	1	4	4	4	4	4	4	4	4	11	4	洗髓岛
256	1	1	2	2	4	1	4	4	4	4	4	4	4	4	11	4	洗髓岛山洞
257	1	1	1	1	1	2	1	1	1	1	1	1	1	1	8	8	战场报名点_宋(扬州二)
258	1	2	2	4	2	5	3	3	3	3	3	3	3	3	10	10	战场报名点_宋(凤翔二)
259	1	2	3	3	5	3	6	6	6	6	6	6	6	6	13	13	战场报名点_宋(襄阳二)
260	1	1	1	1	1	2	1	1	1	1	1	1	1	1	8	8	战场报名点_金(扬州二)
261	1	2	2	4	2	5	3	3	3	3	3	3	3	3	10	10	战场报名点_金(凤翔二)
262	1	2	3	3	5	3	6	6	6	6	6	6	6	6	13	13	战场报名点_金(襄阳二)
263	1	1	1	1	1	2	1	1	1	1	1	1	1	1	8	8	九曲之战(扬州二)
264	1	2	2	4	2	5	3	3	3	3	3	3	3	3	10	10	九曲之战(凤翔二)
265	1	2	3	3	5	3	6	6	6	6	6	6	6	6	13	13	九曲之战(襄阳二)
266	1	1	1	1	1	2	1	1	1	1	1	1	1	1	8	8	五丈原之战(扬州二)
267	1	2	2	4	2	5	3	3	3	3	3	3	3	3	10	10	五丈原之战(凤翔二)
268	1	2	3	3	5	3	6	6	6	6	6	6	6	6	13	13	五丈原之战(襄阳二)
269	1	1	1	1	1	2	1	1	1	1	1	1	1	1	8	8	蟠龙谷之战(扬州二)
270	1	2	2	4	2	5	3	3	3	3	3	3	3	3	10	10	蟠龙谷之战(凤翔二)
271	1	2	3	3	5	3	6	6	6	6	6	6	6	6	13	13	蟠龙谷之战(襄阳二)
274	1	1	1	1	2	2	2	2	2	2	2	2	2	2	9	9	白虎堂大殿(初级二)
275	1	1	1	1	2	2	2	2	2	2	2	2	2	2	9	9	白虎堂一层_东(初级二)
276	1	1	1	1	2	2	2	2	2	2	2	2	2	2	9	9	白虎堂一层_南(初级二)
277	1	1	1	1	2	2	2	2	2	2	2	2	2	2	9	9	白虎堂一层_西(初级二)
278	1	1	1	1	2	2	2	2	2	2	2	2	2	2	9	9	白虎堂一层_北(初级二)
279	1	1	1	1	2	2	2	2	2	2	2	2	2	2	9	9	白虎堂二层_阴(初级二)
280	1	1	1	1	2	2	2	2	2	2	2	2	2	2	9	9	白虎堂二层_阳(初级二)
281	1	1	1	1	2	2	2	2	2	2	2	2	2	2	9	9	白虎堂三层(初级二)
282	1	2	3	3	5	5	5	5	5	5	5	5	5	5	12	12	战场报名点_宋(扬州三)
283	1	2	3	3	5	5	5	5	5	5	5	5	5	5	12	12	战场报名点_金(扬州三)
284	1	2	3	3	5	5	5	5	5	5	5	5	5	5	12	12	九曲之战(扬州三)
285	1	2	3	3	5	5	5	5	5	5	5	5	5	5	12	12	五丈原之战(扬州三)
286	1	2	3	3	5	5	5	5	5	5	5	5	5	5	12	12	蟠龙谷之战(扬州三)
298	1	1	1	1	1	1	1	1	1	1	1	1	1	1	1	1	逍遥谷
299	1	1	1	1	1	1	1	1	1	1	1	1	1	1	1	1	逍遥谷
300	1	1	1	1	1	1	1	1	1	1	1	1	1	1	1	1	逍遥谷
301	1	1	1	1	1	1	1	1	1	1	1	1	1	1	1	1	逍遥谷
302	1	1	1	1	1	1	1	1	1	1	1	1	1	1	1	1	逍遥谷
303	1	1	1	1	2	2	2	2	2	2	2	2	2	2	2	2	逍遥谷
304	1	1	1	1	2	2	2	2	2	2	2	2	2	2	2	2	逍遥谷
305	1	1	1	1	2	2	2	2	2	2	2	2	2	2	2	2	逍遥谷
306	1	1	1	1	2	2	2	2	2	2	2	2	2	2	2	2	逍遥谷
307	1	1	1	1	2	2	2	2	2	2	2	2	2	2	2	2	逍遥谷
308	1	1	1	2	3	3	7	7	7	7	7	7	7	7	7	7	逍遥谷
309	1	1	1	2	3	3	7	7	7	7	7	7	7	7	7	7	逍遥谷
310	1	1	1	2	3	3	7	7	7	7	7	7	7	7	7	7	逍遥谷
311	1	1	1	2	3	3	7	7	7	7	7	7	7	7	7	7	逍遥谷
312	1	1	1	2	3	3	7	7	7	7	7	7	7	7	7	7	逍遥谷
313	1	1	2	2	4	4	4	4	4	4	4	4	4	4	4	4	逍遥谷
314	1	1	2	2	4	4	4	4	4	4	4	4	4	4	4	4	逍遥谷
315	1	1	2	2	4	4	4	4	4	4	4	4	4	4	4	4	逍遥谷
316	1	1	2	2	4	4	4	4	4	4	4	4	4	4	4	4	逍遥谷
317	1	1	2	2	4	4	4	4	4	4	4	4	4	4	4	4	逍遥谷
318	1	2	3	3	5	5	5	5	5	5	5	5	5	5	5	5	逍遥谷
319	1	2	3	3	5	5	5	5	5	5	5	5	5	5	5	5	逍遥谷
320	1	2	3	3	5	5	5	5	5	5	5	5	5	5	5	5	逍遥谷
321	1	2	3	3	5	5	5	5	5	5	5	5	5	5	5	5	逍遥谷
322	1	2	3	3	5	5	5	5	5	5	5	5	5	5	5	5	逍遥谷
323	1	2	3	3	3	6	6	6	6	6	6	6	6	6	6	6	逍遥谷
324	1	2	3	3	3	6	6	6	6	6	6	6	6	6	6	6	逍遥谷
325	1	2	3	3	3	6	6	6	6	6	6	6	6	6	6	6	逍遥谷
326	1	2	3	3	3	6	6	6	6	6	6	6	6	6	6	6	逍遥谷
327	1	2	3	3	3	6	6	6	6	6	6	6	6	6	6	6	逍遥谷
328	1	2	2	4	2	4	3	3	3	3	3	3	3	3	3	3	逍遥谷
329	1	2	2	4	2	4	3	3	3	3	3	3	3	3	3	3	逍遥谷
330	1	2	2	4	2	4	3	3	3	3	3	3	3	3	3	3	逍遥谷
331	1	2	2	4	2	4	3	3	3	3	3	3	3	3	3	3	逍遥谷
332	1	2	2	4	2	4	3	3	3	3	3	3	3	3	3	3	逍遥谷
333	1	2	2	4	5	5	7	7	7	7	7	7	7	7	10	10	白虎堂大殿(初级三)
334	1	2	2	4	5	5	7	7	7	7	7	7	7	7	10	10	白虎堂一层_东(初级三)
335	1	2	2	4	5	5	7	7	7	7	7	7	7	7	10	10	白虎堂一层_南(初级三)
336	1	2	2	4	5	5	7	7	7	7	7	7	7	7	10	10	白虎堂一层_西(初级三)
337	1	2	2	4	5	5	7	7	7	7	7	7	7	7	10	10	白虎堂一层_北(初级三)
338	1	2	2	4	5	5	7	7	7	7	7	7	7	7	10	10	白虎堂二层_阴(初级三)
339	1	2	2	4	5	5	7	7	7	7	7	7	7	7	10	10	白虎堂二层_阳(初级三)
340	1	2	2	4	5	5	7	7	7	7	7	7	7	7	10	10	白虎堂三层(初级三)
341	1	1	1	1	1	1	1	1	1	1	1	1	1	1	1	1	逍遥谷报名点1
342	1	2	2	4	2	4	3	3	3	3	3	3	3	3	3	3	逍遥谷报名点2
399	1	2	3	3	5	5	5	5	5	5	5	5	5	5	5	5	天牢
400	1	2	2	4	5	5	6	6	6	6	6	6	6	6	12	9	船舱1层
401	1	2	2	4	5	5	6	6	6	6	6	6	6	6	12	9	船舱2层
402	1	2	2	4	5	5	6	6	6	6	6	6	6	6	12	9	船舱3层
403	1	2	2	4	5	5	7	7	7	7	7	7	7	7	7	7	裴翼飞房间
404	1	2	2	4	5	5	7	7	7	7	7	7	7	7	7	7	裘止水房间
405	1	1	2	2	4	4	4	4	4	4	4	4	4	4	4	4	外英雄冢
406	1	1	2	2	4	4	4	4	4	4	4	4	4	4	4	4	鹰隼角
407	1	1	2	2	4	4	4	4	4	4	4	4	4	4	4	4	猛虎巷
408	1	1	2	2	4	4	4	4	4	4	4	4	4	4	4	4	猴岛
409	1	1	2	2	4	4	4	4	4	4	4	4	4	4	4	4	滴水洞
410	1	1	2	2	4	4	4	4	4	4	4	4	4	4	4	4	藏云轩
411	1	1	2	2	4	4	4	4	4	4	4	4	4	4	4	4	长江别院
412	1	2	2	4	2	4	3	3	3	3	3	3	3	3	3	3	赤练蛇洞
413	1	2	2	4	2	4	3	3	3	3	3	3	3	3	3	3	灯煞口
414	1	2	2	4	2	4	3	3	3	3	3	3	3	3	3	3	甘露谷1层
415	1	2	2	4	2	4	3	3	3	3	3	3	3	3	3	3	甘露谷2层
416	1	2	2	4	2	4	3	3	3	3	3	3	3	3	3	3	甘露谷尽头
417	1	2	2	4	2	4	3	3	3	3	3	3	3	3	3	3	甘露谷尽头
418	1	2	2	4	2	4	3	3	3	3	3	3	3	3	3	3	问心阁
419	1	2	2	4	2	4	3	3	3	3	3	3	3	3	3	3	问心阁
420	1	2	2	4	2	4	3	3	3	3	3	3	3	3	3	3	聚义厅
421	1	2	2	4	2	4	3	3	3	3	3	3	3	3	3	3	女巫窝棚
422	1	2	2	4	2	4	3	3	3	3	3	3	3	3	3	3	殷童房间
423	1	2	2	4	2	4	3	3	3	3	3	3	3	3	3	3	殷方房间
424	1	2	2	4	2	4	3	3	3	3	3	3	3	3	3	3	灯煞口岗楼
425	1	2	2	4	2	4	3	3	3	3	3	3	3	3	3	3	木氏居所
426	1	2	2	4	2	4	3	3	3	3	3	3	3	3	3	3	葛霞岭尽头
427	1	2	2	4	2	4	3	3	3	3	3	3	3	3	3	3	葛霞岭尽头
428	1	1	1	1	2	2	2	2	2	2	2	2	2	2	2	2	石像迷宫_1层
429	1	1	1	1	2	2	2	2	2	2	2	2	2	2	2	2	石像迷宫_2层
430	1	1	1	1	2	2	2	2	2	2	2	2	2	2	2	2	石像迷宫_3层
431	1	1	1	1	2	2	2	2	2	2	2	2	2	2	2	2	阴山别院
432	1	1	1	1	2	2	2	2	2	2	2	2	2	2	2	2	阴山别院
433	1	1	1	2	3	3	2	2	2	2	2	2	2	2	2	2	解剑池
434	1	1	1	2	3	3	2	2	2	2	2	2	2	2	2	2	青虚真室
435	1	1	1	2	3	3	2	2	2	2	2	2	2	2	2	2	青虚真室
436	1	1	1	2	3	3	2	2	2	2	2	2	2	2	2	2	云麓水居
437	1	1	1	2	3	3	2	2	2	2	2	2	2	2	2	2	云麓水居
438	1	1	1	2	3	3	2	2	2	2	2	2	2	2	2	2	云麓水居
439	1	1	1	2	3	3	2	2	2	2	2	2	2	2	2	2	陶永昌居所
440	1	1	1	2	3	3	2	2	2	2	2	2	2	2	2	2	陶永昌居所
441	1	1	1	2	3	3	2	2	2	2	2	2	2	2	2	2	陶永昌居所
442	1	1	1	2	3	3	2	2	2	2	2	2	2	2	2	2	陶永昌居所
443	1	1	1	2	3	3	2	2	2	2	2	2	2	2	2	2	魏长风居所
444	1	1	1	1	1	1	1	1	1	1	1	1	1	1	1	1	金刚岭
445	1	1	1	1	1	1	1	1	1	1	1	1	1	1	1	1	金刚岭
446	1	1	1	1	1	1	1	1	1	1	1	1	1	1	1	1	初祖庵
447	1	1	1	1	1	1	1	1	1	1	1	1	1	1	1	1	粥铺
448	1	1	1	1	1	1	1	1	1	1	1	1	1	1	1	1	回风角草堂
449	1	1	1	1	1	1	1	1	1	1	1	1	1	1	1	1	回风角草堂
450	1	1	1	1	1	1	1	1	1	1	1	1	1	1	1	1	玄字牢
451	1	1	1	1	1	1	1	1	1	1	1	1	1	1	1	1	兀萨居所
452	1	1	1	1	1	1	1	1	1	1	1	1	1	1	1	1	天刑殿
453	1	1	1	1	1	1	1	1	1	1	1	1	1	1	1	1	中成殿
454	1	2	3	3	5	5	5	5	5	5	5	5	5	5	5	5	行在内营
455	1	2	3	3	5	5	5	5	5	5	5	5	5	5	5	5	中军大帐
456	1	2	3	3	5	5	5	5	5	5	5	5	5	5	5	5	慈云庵
457	1	2	3	3	5	5	5	5	5	5	5	5	5	5	5	5	仇雪卧室
458	1	2	3	3	3	6	6	6	6	6	6	6	6	6	6	6	见龙洞
459	1	2	3	3	3	6	6	6	6	6	6	6	6	6	6	6	布衣阁
460	1	2	3	3	3	6	6	6	6	6	6	6	6	6	6	6	布衣阁
461	1	2	3	3	3	6	6	6	6	6	6	6	6	6	6	6	拙者居
462	1	2	3	3	3	6	6	6	6	6	6	6	6	6	6	6	别雅小筑西厢
463	1	2	3	3	3	6	6	6	6	6	6	6	6	6	6	6	别雅小筑正厅
464	1	2	3	3	3	6	6	6	6	6	6	6	6	6	6	6	春梅雅筑
465	1	2	3	3	3	6	6	6	6	6	6	6	6	6	6	6	春梅雅筑
466	1	2	3	3	3	6	6	6	6	6	6	6	6	6	6	6	春梅雅筑
467	1	2	3	3	3	6	6	6	6	6	6	6	6	6	6	6	春梅雅筑后宅
468	1	2	3	3	3	6	6	6	6	6	6	6	6	6	6	6	春梅雅筑后宅
469	1	2	3	3	3	6	6	6	6	6	6	6	6	6	6	6	馆驿
470	1	2	3	3	3	6	6	6	6	6	6	6	6	6	6	6	馆驿
471	1	2	3	3	3	6	6	6	6	6	6	6	6	6	6	6	下层阵法
472	1	2	3	3	3	6	6	6	6	6	6	6	6	6	6	6	阵法总枢
473	1	2	3	3	3	6	6	6	6	6	6	6	6	6	6	6	玄月大阵
474	1	2	3	3	3	6	6	6	6	6	6	6	6	6	6	6	玄月阵中心
475	1	2	3	3	3	6	6	6	6	6	6	6	6	6	6	6	品荷堂
476	1	1	1	1	1	1	1	1	1	1	1	1	1	1	1	1	蒲察风奴
477	1	1	1	1	1	1	1	1	1	1	1	1	1	1	1	1	藏剑山庄
478	1	2	2	4	2	4	3	3	3	3	3	3	3	3	3	3	知春台
479	1	2	2	4	2	4	3	3	3	3	3	3	3	3	3	3	朱熹府邸
480	1	2	2	4	2	4	3	3	3	3	3	3	3	3	3	3	进宫讲学
481	1	2	2	4	2	4	3	3	3	3	3	3	3	3	3	3	进宫讲学
482	1	2	2	4	2	4	3	3	3	3	3	3	3	3	3	3	进宫讲学
483	1	2	2	4	2	4	3	3	3	3	3	3	3	3	3	3	彭龟年府邸
484	1	2	2	4	2	4	3	3	3	3	3	3	3	3	3	3	彭府后院
485	1	2	2	4	2	4	3	3	3	3	3	3	3	3	3	3	赵府大厅
486	1	2	2	4	2	4	3	3	3	3	3	3	3	3	3	3	临安城
487	1	2	2	4	2	4	3	3	3	3	3	3	3	3	3	3	朱熹府邸
488	1	2	2	4	2	4	3	3	3	3	3	3	3	3	3	3	临安城
489	1	2	2	4	2	4	3	3	3	3	3	3	3	3	3	3	沈府密室 
490	1	2	2	4	2	4	3	3	3	3	3	3	3	3	3	3	临安城
491	1	2	2	4	2	4	3	3	3	3	3	3	3	3	3	3	临安城
492	1	2	2	4	2	4	3	3	3	3	3	3	3	3	3	3	临安城
498	1	1	1	1	1	1	1	1	1	1	1	1	1	1	1	1	侠士名居
499	1	1	2	2	2	2	2	2	2	2	2	2	2	2	2	2	贵族王府
500	1	2	3	3	3	3	3	3	3	3	3	3	3	3	3	3	王侯海滩
501	1	1	1	2	3	3	7	7	7	7	7	7	7	7	7	7	茅屋
502	1	1	1	2	3	3	7	7	7	7	7	7	7	7	7	7	茅屋
503	1	1	1	2	3	3	7	7	7	7	7	7	7	7	7	7	隐所
504	1	1	1	2	3	3	7	7	7	7	7	7	7	7	7	7	丐帮分舵
505	1	1	1	2	3	3	7	7	7	7	7	7	7	7	7	7	丐帮秘道
506	1	1	1	2	3	3	7	7	7	7	7	7	7	7	7	7	龙王庙
507	1	1	1	2	3	3	7	7	7	7	7	7	7	7	7	7	龙王庙
508	1	1	1	2	3	3	7	7	7	7	7	7	7	7	7	7	山洞
509	1	1	1	2	3	3	7	7	7	7	7	7	7	7	7	7	虎师帅帐
510	1	2	3	3	5	5	5	5	5	5	5	5	5	5	5	5	隐者小屋
511	1	2	3	3	5	5	5	5	5	5	5	5	5	5	5	5	飞龙谷
512	1	2	3	3	5	5	5	5	5	5	5	5	5	5	5	5	飞龙阵
513	1	1	1	1	2	2	2	2	2	2	2	2	2	2	2	2	千琼宫
514	1	1	1	1	2	2	2	2	2	2	2	2	2	2	2	2	天外天
515	1	2	2	4	2	4	3	3	3	3	3	3	3	3	3	3	赵府大厅
516	1	2	2	4	2	4	3	3	3	3	3	3	3	3	3	3	韩府大厅
517	1	2	2	4	2	4	3	3	3	3	3	3	3	3	3	3	韩府偏厢
518	1	2	2	4	2	4	3	3	3	3	3	3	3	3	3	3	皇上寝宫
519	1	2	2	4	2	4	3	3	3	3	3	3	3	3	3	3	太后寝宫
520	1	2	2	4	2	4	3	3	3	3	3	3	3	3	3	3	太后寝宫
521	1	2	2	4	2	4	3	3	3	3	3	3	3	3	3	3	太后寝宫
522	1	2	2	4	2	4	3	3	3	3	3	3	3	3	3	3	知春台
523	1	2	2	4	2	4	3	3	3	3	3	3	3	3	3	3	皇宫大殿
524	1	2	2	4	2	4	3	3	3	3	3	3	3	3	3	3	灵隐寺
525	1	1	1	1	2	2	2	2	2	2	2	2	2	2	2	2	忘归赌坊
526	1	1	1	1	2	2	2	2	2	2	2	2	2	2	2	2	鲁兵营帐
527	1	1	1	1	2	2	2	2	2	2	2	2	2	2	2	2	梁项林营帐
528	1	1	1	1	2	2	2	2	2	2	2	2	2	2	2	2	梁项林密室
529	1	1	1	2	3	3	7	7	7	7	7	7	7	7	7	7	伏牛山庄
530	1	2	2	4	2	4	3	3	3	3	3	3	3	3	3	3	黑龙潭
531	1	2	3	3	3	6	6	6	6	6	6	6	6	6	6	6	山寨
532	1	2	3	3	3	6	6	6	6	6	6	6	6	6	6	6	山寨
533	1	2	3	3	3	6	6	6	6	6	6	6	6	6	6	6	唐门别院
534	1	2	3	3	3	6	6	6	6	6	6	6	6	6	6	6	唐门别院
535	1	2	3	3	5	5	5	5	5	5	5	5	5	5	5	5	驿馆
536	1	2	3	3	5	5	5	5	5	5	5	5	5	5	5	5	吴曦别院
537	1	2	3	3	5	5	5	5	5	5	5	5	5	5	5	5	别院会客厅
538	1	2	3	3	5	5	5	5	5	5	5	5	5	5	5	5	别院会客厅
539	1	2	3	3	5	5	5	5	5	5	5	5	5	5	5	5	路边小屋
540	1	2	2	4	2	4	3	3	3	3	3	3	3	3	3	3	囚房
541	1	2	2	4	2	4	3	3	3	3	3	3	3	3	3	3	小屋
542	1	2	2	4	2	4	3	3	3	3	3	3	3	3	3	3	大屋
543	1	1	1	1	2	2	2	2	2	2	2	2	2	2	2	2	旅店
544	1	1	1	1	2	2	2	2	2	2	2	2	2	2	2	2	一品堂兵营
545	1	2	3	3	5	5	5	5	5	5	5	5	5	5	5	5	硝石谷
546	1	1	1	2	3	3	7	7	7	7	7	7	7	7	7	7	聚义楼
547	1	1	1	2	3	3	7	7	7	7	7	7	7	7	7	7	阁楼
548	1	1	2	2	4	4	4	4	4	4	4	4	4	4	4	4	蟒蛇洞
549	1	1	2	2	4	4	4	4	4	4	4	4	4	4	4	4	峡谷
550	1	1	2	2	4	4	4	4	4	4	4	4	4	4	4	4	峡谷
551	1	1	2	2	4	4	4	4	4	4	4	4	4	4	4	4	峡谷
552	1	1	2	2	4	4	4	4	4	4	4	4	4	4	4	4	峡谷
553	1	1	2	2	4	4	4	4	4	4	4	4	4	4	4	4	太祖宝库
554	1	2	3	3	3	6	6	6	6	6	6	6	6	6	6	6	大日罗居所
555	1	2	3	3	3	6	6	6	6	6	6	6	6	6	6	6	上仙庄
556	1	1	2	2	4	4	4	4	4	4	4	4	4	4	10	10	伏牛山军营1
558	1	1	1	1	1	1	1	1	1	1	1	1	1	1	11	11	伏牛山军营2
559	1	2	2	4	2	5	3	3	3	3	3	3	3	3	12	12	伏牛山军营3
561	1	1	1	1	1	1	1	1	1	1	1	1	1	1	1	1	望龙山
562	1	1	1	1	1	1	1	1	1	1	1	1	1	1	1	1	荒屋
563	1	1	1	1	1	1	1	1	1	1	1	1	1	1	1	1	王府密室
564	1	2	2	4	2	4	3	3	3	3	3	3	3	3	3	3	皇宫御书房
565	1	2	2	4	2	4	3	3	3	3	3	3	3	3	3	3	韩皇后寝宫
566	1	2	2	4	2	4	3	3	3	3	3	3	3	3	3	3	玉暖阁
567	1	2	2	4	2	4	3	3	3	3	3	3	3	3	3	3	金悦轩
568	1	2	2	4	2	4	3	3	3	3	3	3	3	3	3	3	皇宫大殿
569	1	1	1	1	1	1	1	1	1	1	1	1	1	1	1	1	灵壁泊
570	1	1	1	1	1	1	1	1	1	1	1	1	1	1	1	1	白府梦境
571	1	1	1	1	1	1	1	1	1	1	1	1	1	1	1	1	山寨梦境
572	1	1	1	1	1	1	1	1	1	1	1	1	1	1	1	1	身世梦境
573	1	1	1	1	1	1	1	1	1	1	1	1	1	1	1	1	金军秘营
574	1	1	1	1	1	1	1	1	1	1	1	1	1	1	1	1	游龙宝库
575	1	2	3	4	4	4	4	4	4	4	4	4	4	4	4	4	王侯海滩
576	1	1	1	1	1	1	1	1	1	1	1	1	1	1	1	1	侠侣闯天下准备场
577	1	1	1	1	2	2	2	2	2	2	2	2	2	2	2	2	侠侣闯天下准备场
578	1	1	1	2	3	3	3	3	3	3	3	3	3	3	3	3	侠侣闯天下准备场
579	1	1	2	2	4	4	4	4	4	4	4	4	4	4	4	4	侠侣闯天下准备场
580	1	2	2	3	5	5	5	5	5	5	5	5	5	5	5	5	侠侣闯天下准备场
581	1	2	3	3	1	6	6	6	6	6	6	6	6	6	6	6	侠侣闯天下准备场
582	1	2	3	4	2	1	7	7	7	7	7	7	7	7	7	7	侠侣闯天下准备场
583	1	2	3	3	5	5	5	5	5	5	5	5	5	5	5	5	前沿哨岗（1）
584	1	2	3	3	3	6	6	6	6	6	6	6	6	6	6	6	前沿哨岗（2）
585	1	1	1	2	3	3	7	7	7	7	7	7	7	7	7	7	前沿哨岗（3）
587	1	2	2	4	2	4	4	4	4	4	4	4	4	4	4	4	玉露村
800	1	2	2	4	2	4	3	3	3	3	3	3	3	3	3	3	长歌门侧房
801	1	2	2	4	2	4	3	3	3	3	3	3	3	3	3	3	长歌门侧房
802	1	2	2	4	2	4	3	3	3	3	3	3	3	3	3	3	武夷山精舍
803	1	2	2	4	2	4	3	3	3	3	3	3	3	3	3	3	武夷山精舍
804	1	2	2	4	2	4	3	3	3	3	3	3	3	3	3	3	武夷山精舍
805	1	2	2	4	2	4	3	3	3	3	3	3	3	3	3	3	朱熹府邸
806	1	2	2	4	2	4	3	3	3	3	3	3	3	3	3	3	朱熹密室
807	1	2	2	4	2	4	3	3	3	3	3	3	3	3	3	3	朱熹密室
808	1	2	2	4	2	4	3	3	3	3	3	3	3	3	3	3	武夷山精舍后院
809	1	2	2	4	2	4	3	3	3	3	3	3	3	3	3	3	韩府大厅
810	1	2	2	4	2	4	3	3	3	3	3	3	3	3	3	3	长歌门侧房
811	1	2	2	4	2	4	3	3	3	3	3	3	3	3	3	3	临安城
812	1	2	2	4	2	4	3	3	3	3	3	3	3	3	3	3	完颜光囚室
813	1	2	2	4	2	4	3	3	3	3	3	3	3	3	3	3	陈季常房间
814	1	2	2	4	5	5	7	7	7	7	7	7	7	7	7	7	落女洞
815	1	1	2	2	4	4	4	4	4	4	4	4	4	4	4	4	伏牛山庄内部
816	1	2	3	3	3	6	6	6	6	6	6	6	6	6	6	6	百蛊阵1层
817	1	2	3	3	3	6	6	6	6	6	6	6	6	6	6	6	百蛊阵2层
818	1	2	3	3	3	6	6	6	6	6	6	6	6	6	6	6	仙灵洞
819	1	2	3	3	3	6	6	6	6	6	6	6	6	6	6	6	大理皇宫
820	1	2	3	3	3	6	6	6	6	6	6	6	6	6	6	6	皇宫后院
821	1	2	3	3	5	2	5	5	5	5	5	5	5	5	14	14	白虎堂大殿(高级)
822	1	2	3	3	5	2	5	5	5	5	5	5	5	5	14	14	白虎堂一层_东(高级)
823	1	2	3	3	5	2	5	5	5	5	5	5	5	5	14	14	白虎堂一层_南(高级)
824	1	2	3	3	5	2	5	5	5	5	5	5	5	5	14	14	白虎堂一层_西(高级)
825	1	2	3	3	5	2	5	5	5	5	5	5	5	5	14	14	白虎堂一层_北(高级)
826	1	2	3	3	5	2	5	5	5	5	5	5	5	5	14	14	白虎堂二层_阴(高级)
827	1	2	3	3	5	2	5	5	5	5	5	5	5	5	14	14	白虎堂二层_阳(高级)
828	1	2	3	3	5	2	5	5	5	5	5	5	5	5	14	14	白虎堂三层(高级)
1401	1	1	1	1	1	1	1	1	1	1	1	1	1	1	8	8	初级联赛会场（1）
1402	1	1	1	1	2	2	2	2	2	2	2	2	2	2	9	9	初级联赛会场（2）
1403	1	2	2	4	2	4	3	3	3	3	3	3	3	3	10	10	初级联赛会场（3）
1404	1	1	2	2	4	4	4	4	4	4	4	4	4	4	11	11	初级联赛会场（4）
1405	1	2	3	3	5	5	5	5	5	5	5	5	5	5	12	12	初级联赛会场（5）
1406	1	2	3	3	3	6	6	6	6	6	6	6	6	6	13	13	初级联赛会场（6）
1407	1	1	1	2	3	3	7	7	7	7	7	7	7	7	14	14	初级联赛会场（7）
1408	1	1	1	1	1	1	1	1	1	1	1	1	1	1	8	8	初级联赛会场（8）
1409	1	2	2	4	2	4	3	3	3	3	3	3	3	3	10	10	初级联赛会场（9）
1410	1	1	2	2	4	4	4	4	4	4	4	4	4	4	11	11	初级联赛会场（10）
1411	1	2	3	3	5	5	5	5	5	5	5	5	5	5	12	12	初级联赛会场（11）
1412	1	1	1	2	3	3	7	7	7	7	7	7	7	7	14	14	初级联赛会场（12）
1413	1	1	1	1	1	1	1	1	1	1	1	1	1	1	8	8	初级联赛准备场（1）
1414	1	1	1	1	2	2	2	2	2	2	2	2	2	2	9	9	初级联赛准备场（2）
1415	1	2	2	4	2	4	3	3	3	3	3	3	3	3	10	10	初级联赛准备场（3）
1416	1	1	2	2	4	4	4	4	4	4	4	4	4	4	11	11	初级联赛准备场（4）
1417	1	2	3	3	5	5	5	5	5	5	5	5	5	5	12	12	初级联赛准备场（5）
1418	1	2	3	3	3	6	6	6	6	6	6	6	6	6	13	13	初级联赛准备场（6）
1419	1	1	1	2	3	3	7	7	7	7	7	7	7	7	14	14	初级联赛准备场（7）
1420	1	1	1	1	1	1	1	1	1	1	1	1	1	1	8	8	初级联赛准备场（8）
1421	1	2	2	4	2	4	3	3	3	3	3	3	3	3	10	10	初级联赛准备场（9）
1422	1	1	2	2	4	4	4	4	4	4	4	4	4	4	11	11	初级联赛准备场（10）
1423	1	2	3	3	5	5	5	5	5	5	5	5	5	5	12	12	初级联赛准备场（11）
1424	1	1	1	2	3	3	7	7	7	7	7	7	7	7	14	14	初级联赛准备场（12）
1425	1	1	1	1	1	1	1	1	1	1	1	1	1	1	8	8	初级联赛比赛场（1）
1426	1	1	1	1	2	2	2	2	2	2	2	2	2	2	9	9	初级联赛比赛场（2）
1427	1	2	2	4	2	4	3	3	3	3	3	3	3	3	10	10	初级联赛比赛场（3）
1428	1	1	2	2	4	4	4	4	4	4	4	4	4	4	11	11	初级联赛比赛场（4）
1429	1	2	3	3	5	5	5	5	5	5	5	5	5	5	12	12	初级联赛比赛场（5）
1430	1	2	3	3	3	6	6	6	6	6	6	6	6	6	13	13	初级联赛比赛场（6）
1431	1	1	1	2	3	3	7	7	7	7	7	7	7	7	14	14	初级联赛比赛场（7）
1432	1	1	1	1	1	1	1	1	1	1	1	1	1	1	8	8	初级联赛比赛场（8）
1433	1	2	2	4	2	4	3	3	3	3	3	3	3	3	10	10	初级联赛比赛场（9）
1434	1	1	2	2	4	4	4	4	4	4	4	4	4	4	11	11	初级联赛比赛场（10）
1435	1	2	3	3	5	5	5	5	5	5	5	5	5	5	12	12	初级联赛比赛场（11）
1436	1	1	1	2	3	3	7	7	7	7	7	7	7	7	14	14	初级联赛比赛场（12）
1437	1	1	1	1	1	1	1	1	1	1	1	1	1	1	8	8	高级联赛会场（1）
1438	1	1	1	1	2	2	2	2	2	2	2	2	2	2	9	9	高级联赛会场（2）
1439	1	2	2	4	2	4	3	3	3	3	3	3	3	3	10	10	高级联赛会场（3）
1440	1	1	2	2	4	4	4	4	4	4	4	4	4	4	11	11	高级联赛会场（4）
1441	1	2	3	3	5	5	5	5	5	5	5	5	5	5	12	12	高级联赛会场（5）
1442	1	2	3	3	3	6	6	6	6	6	6	6	6	6	13	13	高级联赛会场（6）
1443	1	1	1	2	3	3	7	7	7	7	7	7	7	7	14	14	高级联赛会场（7）
1444	1	1	1	1	1	1	1	1	1	1	1	1	1	1	8	8	高级联赛会场（8）
1445	1	2	2	4	2	4	3	3	3	3	3	3	3	3	10	10	高级联赛会场（9）
1446	1	1	2	2	4	4	4	4	4	4	4	4	4	4	11	11	高级联赛会场（10）
1447	1	2	3	3	5	5	5	5	5	5	5	5	5	5	12	12	高级联赛会场（11）
1448	1	1	1	2	3	3	7	7	7	7	7	7	7	7	14	14	高级联赛会场（12）
1449	1	1	1	1	1	1	1	1	1	1	1	1	1	1	8	8	高级联赛准备场（1）
1450	1	1	1	1	2	2	2	2	2	2	2	2	2	2	9	9	高级联赛准备场（2）
1451	1	2	2	4	2	4	3	3	3	3	3	3	3	3	10	10	高级联赛准备场（3）
1452	1	1	2	2	4	4	4	4	4	4	4	4	4	4	11	11	高级联赛准备场（4）
1453	1	2	3	3	5	5	5	5	5	5	5	5	5	5	12	12	高级联赛准备场（5）
1454	1	2	3	3	3	6	6	6	6	6	6	6	6	6	13	13	高级联赛准备场（6）
1455	1	1	1	2	3	3	7	7	7	7	7	7	7	7	14	14	高级联赛准备场（7）
1456	1	1	1	1	1	1	1	1	1	1	1	1	1	1	8	8	高级联赛准备场（8）
1457	1	2	2	4	2	4	3	3	3	3	3	3	3	3	10	10	高级联赛准备场（9）
1458	1	1	2	2	4	4	4	4	4	4	4	4	4	4	11	11	高级联赛准备场（10）
1459	1	2	3	3	5	5	5	5	5	5	5	5	5	5	12	12	高级联赛准备场（11）
1460	1	1	1	2	3	3	7	7	7	7	7	7	7	7	14	14	高级联赛准备场（12）
1461	1	1	1	1	1	1	1	1	1	1	1	1	1	1	8	8	高级联赛比赛场（1）
1462	1	1	1	1	2	2	2	2	2	2	2	2	2	2	9	9	高级联赛比赛场（2）
1463	1	2	2	4	2	4	3	3	3	3	3	3	3	3	10	10	高级联赛比赛场（3）
1464	1	1	2	2	4	4	4	4	4	4	4	4	4	4	11	11	高级联赛比赛场（4）
1465	1	2	3	3	5	5	5	5	5	5	5	5	5	5	12	12	高级联赛比赛场（5）
1466	1	2	3	3	3	6	6	6	6	6	6	6	6	6	13	13	高级联赛比赛场（6）
1467	1	1	1	2	3	3	7	7	7	7	7	7	7	7	14	14	高级联赛比赛场（7）
1468	1	1	1	1	1	1	1	1	1	1	1	1	1	1	8	8	高级联赛比赛场（8）
1469	1	2	2	4	2	4	3	3	3	3	3	3	3	3	10	10	高级联赛比赛场（9）
1470	1	1	2	2	4	4	4	4	4	4	4	4	4	4	11	11	高级联赛比赛场（10）
1471	1	2	3	3	5	5	5	5	5	5	5	5	5	5	12	12	高级联赛比赛场（11）
1472	1	1	1	2	3	3	7	7	7	7	7	7	7	7	14	14	高级联赛比赛场（12）
1473	1	1	1	1	1	1	1	1	1	1	1	1	1	1	8	8	初级多人赛比赛场（1）
1474	1	1	1	1	2	2	2	2	2	2	2	2	2	2	9	9	初级多人赛比赛场（2）
1475	1	2	2	4	2	4	3	3	3	3	3	3	3	3	10	10	初级多人赛比赛场（3）
1476	1	1	2	2	4	4	4	4	4	4	4	4	4	4	11	11	初级多人赛比赛场（4）
1477	1	2	3	3	5	5	5	5	5	5	5	5	5	5	12	12	初级多人赛比赛场（5）
1478	1	2	3	3	3	6	6	6	6	6	6	6	6	6	13	13	初级多人赛比赛场（6）
1479	1	1	1	2	3	3	7	7	7	7	7	7	7	7	14	14	初级多人赛比赛场（7）
1480	1	1	1	1	1	1	1	1	1	1	1	1	1	1	8	8	初级多人赛比赛场（8）
1481	1	2	2	4	2	4	3	3	3	3	3	3	3	3	10	10	初级多人赛比赛场（9）
1482	1	1	2	2	4	4	4	4	4	4	4	4	4	4	11	11	初级多人赛比赛场（10）
1483	1	2	3	3	5	5	5	5	5	5	5	5	5	5	12	12	初级多人赛比赛场（11）
1484	1	1	1	2	3	3	7	7	7	7	7	7	7	7	14	14	初级多人赛比赛场（12）
1485	1	1	1	1	1	1	1	1	1	1	1	1	1	1	8	8	高级多人赛比赛场（1）
1486	1	1	1	1	2	2	2	2	2	2	2	2	2	2	9	9	高级多人赛比赛场（2）
1487	1	2	2	4	2	4	3	3	3	3	3	3	3	3	10	10	高级多人赛比赛场（3）
1488	1	1	2	2	4	4	4	4	4	4	4	4	4	4	11	11	高级多人赛比赛场（4）
1489	1	2	3	3	5	5	5	5	5	5	5	5	5	5	12	12	高级多人赛比赛场（5）
1490	1	2	3	3	3	6	6	6	6	6	6	6	6	6	13	13	高级多人赛比赛场（6）
1491	1	1	1	2	3	3	7	7	7	7	7	7	7	7	14	14	高级多人赛比赛场（7）
1492	1	1	1	1	1	1	1	1	1	1	1	1	1	1	8	8	高级多人赛比赛场（8）
1493	1	2	2	4	2	4	3	3	3	3	3	3	3	3	10	10	高级多人赛比赛场（9）
1494	1	1	2	2	4	4	4	4	4	4	4	4	4	4	11	11	高级多人赛比赛场（10）
1495	1	2	3	3	5	5	5	5	5	5	5	5	5	5	12	12	高级多人赛比赛场（11）
1496	1	1	1	2	3	3	7	7	7	7	7	7	7	7	14	14	高级多人赛比赛场（12）
1497	1	1	1	1	1	1	1	1	1	1	1	1	1	1	1	1	桃源入口（1）
1498	1	1	1	1	2	2	2	2	2	2	2	2	2	2	2	2	桃源入口（2）
1499	1	1	1	2	3	3	7	7	7	7	7	7	7	7	7	7	桃源入口（3）
1500	1	1	2	2	4	4	4	4	4	4	4	4	4	4	4	4	桃源入口（4）
1501	1	2	3	3	5	5	5	5	5	5	5	5	5	5	5	5	桃源入口（5）
1502	1	2	3	3	3	6	6	6	6	6	6	6	6	6	6	6	桃源入口（6）
1503	1	2	2	4	2	4	3	3	3	3	3	3	3	3	3	3	桃源入口（7）
1504	1	2	3	3	5	5	5	5	5	5	5	5	5	5	12	12	晏若雪家的院子（1）
1505	1	2	3	3	3	6	6	6	6	6	6	6	6	6	13	13	晏若雪家的院子（2）
1506	1	1	1	2	3	3	7	7	7	7	7	7	7	7	14	14	晏若雪家的院子（3）
1507	1	1	1	1	1	1	1	1	1	1	1	1	1	1	8	8	飞絮崖
1508	1	1	1	1	1	1	1	1	1	1	1	1	1	1	8	8	初级联赛比赛场（1）
1509	1	1	1	1	2	2	2	2	2	2	2	2	2	2	9	9	初级联赛比赛场（2）
1510	1	2	2	4	2	4	3	3	3	3	3	3	3	3	10	10	初级联赛比赛场（3）
1511	1	1	2	2	4	4	4	4	4	4	4	4	4	4	11	11	初级联赛比赛场（4）
1512	1	2	3	3	5	5	5	5	5	5	5	5	5	5	12	12	初级联赛比赛场（5）
1513	1	2	3	3	3	6	6	6	6	6	6	6	6	6	13	13	初级联赛比赛场（6）
1514	1	1	1	2	3	3	7	7	7	7	7	7	7	7	14	14	初级联赛比赛场（7）
1515	1	1	1	1	1	1	1	1	1	1	1	1	1	1	8	8	初级联赛比赛场（8）
1516	1	2	2	4	2	4	3	3	3	3	3	3	3	3	10	10	初级联赛比赛场（9）
1517	1	1	2	2	4	4	4	4	4	4	4	4	4	4	11	11	初级联赛比赛场（10）
1518	1	2	3	3	5	5	5	5	5	5	5	5	5	5	12	12	初级联赛比赛场（11）
1519	1	1	1	2	3	3	7	7	7	7	7	7	7	7	14	14	初级联赛比赛场（12）
1520	1	1	1	1	1	1	1	1	1	1	1	1	1	1	8	8	高级联赛比赛场（1）
1521	1	1	1	1	2	2	2	2	2	2	2	2	2	2	9	9	高级联赛比赛场（2）
1522	1	2	2	4	2	4	3	3	3	3	3	3	3	3	10	10	高级联赛比赛场（3）
1523	1	1	2	2	4	4	4	4	4	4	4	4	4	4	11	11	高级联赛比赛场（4）
1524	1	2	3	3	5	5	5	5	5	5	5	5	5	5	12	12	高级联赛比赛场（5）
1525	1	2	3	3	3	6	6	6	6	6	6	6	6	6	13	13	高级联赛比赛场（6）
1526	1	1	1	2	3	3	7	7	7	7	7	7	7	7	14	14	高级联赛比赛场（7）
1527	1	1	1	1	1	1	1	1	1	1	1	1	1	1	8	8	高级联赛比赛场（8）
1528	1	2	2	4	2	4	3	3	3	3	3	3	3	3	10	10	高级联赛比赛场（9）
1529	1	1	2	2	4	4	4	4	4	4	4	4	4	4	11	11	高级联赛比赛场（10）
1530	1	2	3	3	5	5	5	5	5	5	5	5	5	5	12	12	高级联赛比赛场（11）
1531	1	1	1	2	3	3	7	7	7	7	7	7	7	7	14	14	高级联赛比赛场（12）
1532	1	1	2	2	4	4	4	4	4	4	4	4	4	4	11	11	寂寞划水寨（1）
1533	1	2	3	3	5	5	5	5	5	5	5	5	5	5	12	12	寂寞划水寨（2）
1534	1	2	3	3	3	6	6	6	6	6	6	6	6	6	13	13	寂寞划水寨（3）
1536	1	1	1	1	1	1	1	1	1	1	1	1	1	1	15	15	秦始皇陵一层
1537	1	1	1	1	1	1	1	1	1	1	1	1	1	1	14	14	秦始皇陵二层
1538	1	1	1	2	3	3	7	7	7	7	7	7	7	7	13	13	秦始皇陵三层
1539	1	1	1	2	3	3	7	7	7	7	7	7	7	7	12	12	秦始皇陵四层
1540	1	1	1	2	3	3	7	7	7	7	7	7	7	7	11	11	秦始皇陵五层
1541	1	2	2	4	2	4	3	3	3	3	3	3	3	3	3	3	临安府-圣朝阁
1542	1	1	1	1	1	1	1	1	1	1	1	1	1	1	1	1	逍遥谷
1543	1	1	1	1	2	2	2	2	2	2	2	2	2	2	2	2	逍遥谷
1544	1	1	1	2	3	3	7	7	7	7	7	7	7	7	7	7	逍遥谷
1545	1	1	2	2	4	4	4	4	4	4	4	4	4	4	4	4	逍遥谷
1546	1	2	3	3	5	5	5	5	5	5	5	5	5	5	5	5	逍遥谷
1547	1	2	3	3	3	6	6	6	6	6	6	6	6	6	6	6	逍遥谷
1548	1	2	2	4	2	4	3	3	3	3	3	3	3	3	3	3	逍遥谷
1635	1	1	1	1	4	4	4	4	4	4	4	4	4	4	11	11	嘉峪关之战扬州一
1636	1	1	1	1	1	2	1	1	1	1	1	1	1	1	8	8	嘉峪关之战扬州二
1637	1	2	3	3	5	5	5	5	5	5	5	5	5	5	12	12	嘉峪关之战扬州三
1638	1	2	2	2	2	1	2	2	2	2	2	2	2	2	9	9	嘉峪关之战凤翔一
1639	1	2	2	4	2	5	3	3	3	3	3	3	3	3	10	10	嘉峪关之战凤翔二
1640	1	2	3	3	3	6	6	6	6	6	6	6	6	6	13	13	嘉峪关之战凤翔三
1641	1	2	2	4	5	5	7	7	7	7	7	7	7	7	14	14	嘉峪关之战襄阳一
1642	1	2	2	4	5	5	7	7	7	7	7	7	7	7	14	14	嘉峪关之战襄阳二
1643	1	1	1	1	1	1	1	1	1	1	1	1	1	1	8	8	嘉峪关之战襄阳三
1665	1	1	1	1	1	1	1	1	1	1	1	1	1	1	1	1	游龙密室（1）
1666	1	1	1	1	1	1	1	1	1	1	1	1	1	1	1	1	游龙密室（2）
1667	1	1	1	1	1	1	1	1	1	1	1	1	1	1	1	1	游龙密室（3）
1668	1	1	1	1	1	1	1	1	1	1	1	1	1	1	1	1	游龙密室（4）
1669	1	2	2	2	2	2	2	2	2	2	2	2	2	2	2	2	游龙密室（5）
1670	1	2	2	2	2	2	2	2	2	2	2	2	2	2	2	2	游龙密室（6）
1671	1	2	2	2	2	2	2	2	2	2	2	2	2	2	2	2	游龙密室（7）
1672	1	2	2	2	2	2	2	2	2	2	2	2	2	2	2	2	游龙密室（8）
1673	1	2	3	3	3	3	3	3	3	3	3	3	3	3	3	3	游龙密室（9）
1674	1	2	3	3	3	3	3	3	3	3	3	3	3	3	3	3	游龙密室（10）
1675	1	2	3	3	3	3	3	3	3	3	3	3	3	3	3	3	游龙密室（11）
1676	1	2	3	3	3	3	3	3	3	3	3	3	3	3	3	3	游龙密室（12）
1677	1	2	3	4	4	4	4	4	4	4	4	4	4	4	4	4	游龙密室（13）
1678	1	2	3	4	4	4	4	4	4	4	4	4	4	4	4	4	游龙密室（14）
1679	1	2	3	4	4	4	4	4	4	4	4	4	4	4	4	4	游龙密室（15）
1680	1	2	3	4	4	4	4	4	4	4	4	4	4	4	4	4	游龙密室（16）
1681	1	2	3	4	5	5	5	5	5	5	5	5	5	5	5	5	游龙密室（17）
1682	1	2	3	4	5	5	5	5	5	5	5	5	5	5	5	5	游龙密室（18）
1683	1	2	3	4	5	5	5	5	5	5	5	5	5	5	5	5	游龙密室（19）
1684	1	2	3	4	5	5	5	5	5	5	5	5	5	5	5	5	游龙密室（20）
1685	1	2	3	4	5	6	6	6	6	6	6	6	6	6	6	6	游龙密室（21）
1686	1	2	3	4	5	6	6	6	6	6	6	6	6	6	6	6	游龙密室（22）
1687	1	2	3	4	5	6	6	6	6	6	6	6	6	6	6	6	游龙密室（23）
1688	1	2	3	4	5	6	6	6	6	6	6	6	6	6	6	6	游龙密室（24）
1689	1	2	3	4	5	6	7	7	7	7	7	7	7	7	7	7	游龙密室（25）
1690	1	2	3	4	5	6	7	7	7	7	7	7	7	7	7	7	游龙密室（26）
1691	1	2	3	4	5	6	7	7	7	7	7	7	7	7	7	7	游龙密室（27）
1692	1	2	3	4	5	6	7	7	7	7	7	7	7	7	7	7	游龙密室（28）
1694	1	1	1	1	1	1	1	1	1	1	1	1	1	1	8	8	高级跨服联赛比赛场（1）
1695	1	1	1	1	2	2	2	2	2	2	2	2	2	2	9	9	高级跨服联赛比赛场（2）
1696	1	2	2	4	2	4	3	3	3	3	3	3	3	3	10	10	高级跨服联赛比赛场（3）
1697	1	1	2	2	4	4	4	4	4	4	4	4	4	4	11	11	高级跨服联赛比赛场（4）
1698	1	2	3	3	5	5	5	5	5	5	5	5	5	5	12	12	高级跨服联赛比赛场（5）
1699	1	2	3	3	3	6	6	6	6	6	6	6	6	6	13	13	高级跨服联赛比赛场（6）
1700	1	1	1	2	3	3	7	7	7	7	7	7	7	7	14	14	高级跨服联赛比赛场（7）
1701	1	1	1	1	1	1	1	1	1	1	1	1	1	1	8	8	高级跨服联赛比赛场（8）
1702	1	2	2	4	2	4	3	3	3	3	3	3	3	3	10	10	高级跨服联赛比赛场（9）
1703	1	1	2	2	4	4	4	4	4	4	4	4	4	4	11	11	高级跨服联赛比赛场（10）
1704	1	2	3	3	5	5	5	5	5	5	5	5	5	5	12	12	高级跨服联赛比赛场（11）
1705	1	1	1	2	3	3	7	7	7	7	7	7	7	7	14	14	高级跨服联赛比赛场（12）
1706	1	1	1	1	1	1	1	1	1	1	1	1	1	1	8	8	高级跨服联赛比赛场（1）
1707	1	1	1	1	2	2	2	2	2	2	2	2	2	2	9	9	高级跨服联赛比赛场（2）
1708	1	2	2	4	2	4	3	3	3	3	3	3	3	3	10	10	高级跨服联赛比赛场（3）
1709	1	1	2	2	4	4	4	4	4	4	4	4	4	4	11	11	高级跨服联赛比赛场（4）
1710	1	2	3	3	5	5	5	5	5	5	5	5	5	5	12	12	高级跨服联赛比赛场（5）
1711	1	2	3	3	3	6	6	6	6	6	6	6	6	6	13	13	高级跨服联赛比赛场（6）
1712	1	1	1	2	3	3	7	7	7	7	7	7	7	7	14	14	高级跨服联赛比赛场（7）
1713	1	1	1	1	1	1	1	1	1	1	1	1	1	1	8	8	高级跨服联赛比赛场（8）
1714	1	2	2	4	2	4	3	3	3	3	3	3	3	3	10	10	高级跨服联赛比赛场（9）
1715	1	1	2	2	4	4	4	4	4	4	4	4	4	4	11	11	高级跨服联赛比赛场（10）
1716	1	2	3	3	5	5	5	5	5	5	5	5	5	5	12	12	高级跨服联赛比赛场（11）
1717	1	1	1	2	3	3	7	7	7	7	7	7	7	7	14	14	高级跨服联赛比赛场（12）
1723	1	1	1	1	1	1	1	1	1	1	1	1	1	1	1	1	得悦舫
1724	1	2	2	1	2	2	2	2	2	2	2	2	2	2	2	2	得悦舫
1725	1	1	3	4	2	4	3	3	3	3	3	3	3	3	3	3	得悦舫
1726	1	2	1	2	4	4	4	4	4	4	4	4	4	4	4	4	得悦舫
1727	1	1	2	3	5	5	5	5	5	5	5	5	5	5	5	5	得悦舫
1728	1	2	3	3	3	6	6	6	6	6	6	6	6	6	6	6	得悦舫
1729	1	1	1	2	3	3	7	7	7	7	7	7	7	7	7	7	得悦舫
1730	1	2	2	1	1	1	1	1	1	1	1	1	1	1	1	1	得悦舫
1731	1	1	3	4	2	4	2	2	2	2	2	2	2	2	2	2	得悦舫
1732	1	2	1	2	4	4	3	3	3	3	3	3	3	3	3	3	得悦舫
1733	1	1	2	3	5	5	4	4	4	4	4	4	4	4	4	4	得悦舫
1734	1	2	3	2	3	3	5	5	5	5	5	5	5	5	5	5	得悦舫
1735	1	1	1	1	1	1	6	6	6	6	6	6	6	6	6	6	得悦舫
1736	1	2	2	1	2	2	7	7	7	7	7	7	7	7	7	7	得悦舫
1742	1	1	1	1	1	1	1	1	1	1	1	1	1	1	8	8	蚀月教徒藏身地1
1743	1	1	1	1	2	2	2	2	2	2	2	2	2	2	9	9	蚀月教徒藏身地1
1744	1	2	2	4	2	4	3	3	3	3	3	3	3	3	10	10	蚀月教徒藏身地1
1745	1	1	2	2	4	4	4	4	4	4	4	4	4	4	11	11	蚀月教徒藏身地1
1746	1	2	3	3	5	5	5	5	5	5	5	5	5	5	12	12	蚀月教徒藏身地1
1747	1	2	3	3	3	6	6	6	6	6	6	6	6	6	13	13	蚀月教徒藏身地1
1748	1	1	1	2	3	3	7	7	7	7	7	7	7	7	14	14	蚀月教徒藏身地1
1749	1	1	1	1	1	1	1	1	1	1	1	1	1	1	8	8	蚀月教徒藏身地1
1750	1	1	1	1	2	2	2	2	2	2	2	2	2	2	9	9	蚀月教徒藏身地1
1751	1	2	2	4	2	4	3	3	3	3	3	3	3	3	10	10	蚀月教徒藏身地1
1752	1	1	2	2	4	4	4	4	4	4	4	4	4	4	11	11	蚀月教徒藏身地1
1753	1	2	3	3	5	5	5	5	5	5	5	5	5	5	12	12	蚀月教徒藏身地1
1754	1	2	3	3	3	6	6	6	6	6	6	6	6	6	13	13	蚀月教徒藏身地1
1755	1	1	1	2	3	3	7	7	7	7	7	7	7	7	14	14	蚀月教徒藏身地1
1756	1	1	1	1	1	1	1	1	1	1	1	1	1	1	8	8	蚀月教徒藏身地1
1757	1	1	1	1	2	2	2	2	2	2	2	2	2	2	9	9	蚀月教徒藏身地1
1758	1	2	2	4	2	4	3	3	3	3	3	3	3	3	10	10	蚀月教徒藏身地1
1759	1	1	2	2	4	4	4	4	4	4	4	4	4	4	11	11	蚀月教徒藏身地1
1760	1	2	3	3	5	5	5	5	5	5	5	5	5	5	12	12	蚀月教徒藏身地1
1761	1	2	3	3	3	6	6	6	6	6	6	6	6	6	13	13	蚀月教徒藏身地1
1762	1	1	1	2	3	3	7	7	7	7	7	7	7	7	14	14	蚀月教徒藏身地1
1763	1	1	1	1	1	1	1	1	1	1	1	1	1	1	8	8	蚀月教徒藏身地1
1764	1	1	1	1	2	2	2	2	2	2	2	2	2	2	9	9	蚀月教徒藏身地1
1765	1	2	2	4	2	4	3	3	3	3	3	3	3	3	10	10	蚀月教徒藏身地1
1766	1	1	2	2	4	4	4	4	4	4	4	4	4	4	11	11	蚀月教徒藏身地1
1767	1	2	3	3	5	5	5	5	5	5	5	5	5	5	12	12	蚀月教徒藏身地1
1768	1	2	3	3	3	6	6	6	6	6	6	6	6	6	13	13	蚀月教徒藏身地1
1769	1	1	1	2	3	3	7	7	7	7	7	7	7	7	14	14	蚀月教徒藏身地1
1770	1	1	1	1	1	1	1	1	1	1	1	1	1	1	8	8	蚀月教徒藏身地1
1771	1	1	1	1	2	2	2	2	2	2	2	2	2	2	9	9	蚀月教徒藏身地1
1772	1	2	2	4	2	4	3	3	3	3	3	3	3	3	10	10	蚀月教徒藏身地1
1773	1	1	2	2	4	4	4	4	4	4	4	4	4	4	11	11	蚀月教徒藏身地1
1774	1	2	3	3	5	5	5	5	5	5	5	5	5	5	12	12	蚀月教徒藏身地1
1775	1	2	3	3	3	6	6	6	6	6	6	6	6	6	13	13	蚀月教徒藏身地1
1776	1	1	1	2	3	3	7	7	7	7	7	7	7	7	14	14	蚀月教徒藏身地1
1777	1	1	1	1	1	1	1	1	1	1	1	1	1	1	8	8	蚀月教徒藏身地1
1778	1	1	1	1	2	2	2	2	2	2	2	2	2	2	9	9	蚀月教徒藏身地1
1779	1	2	2	4	2	4	3	3	3	3	3	3	3	3	10	10	蚀月教徒藏身地1
1780	1	1	2	2	4	4	4	4	4	4	4	4	4	4	11	11	蚀月教徒藏身地1
1781	1	2	3	3	5	5	5	5	5	5	5	5	5	5	12	12	蚀月教徒藏身地1
1782	1	2	3	3	3	6	6	6	6	6	6	6	6	6	13	13	蚀月教徒藏身地1
1783	1	1	1	2	3	3	7	7	7	7	7	7	7	7	14	14	蚀月教徒藏身地1
1784	1	1	1	1	1	1	1	1	1	1	1	1	1	1	8	8	蚀月教徒藏身地1
1785	1	1	1	1	2	2	2	2	2	2	2	2	2	2	9	9	蚀月教徒藏身地1
1786	1	2	2	4	2	4	3	3	3	3	3	3	3	3	10	10	蚀月教徒藏身地1
1787	1	1	2	2	4	4	4	4	4	4	4	4	4	4	11	11	蚀月教徒藏身地1
1788	1	2	3	3	5	5	5	5	5	5	5	5	5	5	12	12	蚀月教徒藏身地1
1789	1	2	3	3	3	6	6	6	6	6	6	6	6	6	13	13	蚀月教徒藏身地1
1790	1	1	1	2	3	3	7	7	7	7	7	7	7	7	14	14	蚀月教徒藏身地1
1791	1	1	1	1	1	1	1	1	1	1	1	1	1	1	8	8	蚀月教徒藏身地1
1792	1	1	1	1	2	2	2	2	2	2	2	2	2	2	9	9	蚀月教徒藏身地1
1793	1	2	2	4	2	4	3	3	3	3	3	3	3	3	10	10	蚀月教徒藏身地1
1794	1	1	2	2	4	4	4	4	4	4	4	4	4	4	11	11	蚀月教徒藏身地1
1795	1	2	3	3	5	5	5	5	5	5	5	5	5	5	12	12	蚀月教徒藏身地1
1796	1	2	3	3	3	6	6	6	6	6	6	6	6	6	13	13	蚀月教徒藏身地1
1797	1	1	1	2	3	3	7	7	7	7	7	7	7	7	14	14	蚀月教徒藏身地1
1798	1	1	1	1	1	1	1	1	1	1	1	1	1	1	8	8	蚀月教徒藏身地1
1799	1	1	1	1	2	2	2	2	2	2	2	2	2	2	9	9	蚀月教徒藏身地1
1800	1	2	2	4	2	4	3	3	3	3	3	3	3	3	10	10	蚀月教徒藏身地1
1801	1	1	2	2	4	4	4	4	4	4	4	4	4	4	11	11	蚀月教徒藏身地1
1802	1	2	3	3	5	5	5	5	5	5	5	5	5	5	12	12	蚀月教徒藏身地1
1803	1	2	3	3	3	6	6	6	6	6	6	6	6	6	13	13	蚀月教徒藏身地1
1804	1	1	1	2	3	3	7	7	7	7	7	7	7	7	14	14	蚀月教徒藏身地1
1805	1	1	1	1	1	1	1	1	1	1	1	1	1	1	8	8	蚀月教徒藏身地1
1806	1	1	1	1	1	1	1	1	1	1	1	1	1	1	1	1	得悦舫
1807	1	2	2	1	2	2	2	2	2	2	2	2	2	2	2	2	得悦舫
1808	1	1	3	4	2	4	3	3	3	3	3	3	3	3	3	3	得悦舫
1809	1	2	1	2	4	4	4	4	4	4	4	4	4	4	4	4	得悦舫
1810	1	1	2	3	5	5	5	5	5	5	5	5	5	5	5	5	得悦舫
1811	1	2	3	3	3	6	3	3	3	3	3	3	3	3	3	3	得悦舫
1839	1	1	1	1	1	1	1	1	1	1	1	1	1	1	8	8	家族战场
1840	1	1	1	1	2	2	2	2	2	2	2	2	2	2	9	9	家族战场
1841	1	1	1	2	3	3	7	7	7	7	7	7	7	7	14	14	家族战场
1842	1	1	2	2	4	4	4	4	4	4	4	4	4	4	11	11	家族战场
1843	1	2	3	3	5	5	5	5	5	5	5	5	5	5	12	12	家族战场
1844	1	2	3	3	3	6	6	6	6	6	6	6	6	6	13	13	家族战场
1845	1	2	2	4	2	4	3	3	3	3	3	3	3	3	10	10	家族战场
1846	1	1	1	1	1	1	1	1	1	1	1	1	1	1	8	8	家族战场准备场
1847	1	1	1	1	1	1	1	1	1	1	1	1	1	1	8	8	家族战场准备场
1848	1	1	1	1	2	2	2	2	2	2	2	2	2	2	9	9	家族战场准备场
1849	1	1	1	1	2	2	2	2	2	2	2	2	2	2	9	9	家族战场准备场
1850	1	1	1	2	3	3	7	7	7	7	7	7	7	7	14	14	家族战场准备场
1851	1	1	1	2	3	3	7	7	7	7	7	7	7	7	14	14	家族战场准备场
1852	1	1	2	2	4	4	4	4	4	4	4	4	4	4	11	11	家族战场准备场
1853	1	1	2	2	4	4	4	4	4	4	4	4	4	4	11	11	家族战场准备场
1854	1	2	3	3	5	5	5	5	5	5	5	5	5	5	12	12	家族战场准备场
1855	1	2	3	3	5	5	5	5	5	5	5	5	5	5	12	12	家族战场准备场
1856	1	2	3	3	3	6	6	6	6	6	6	6	6	6	13	13	家族战场准备场
1857	1	2	3	3	3	6	6	6	6	6	6	6	6	6	13	13	家族战场准备场
1858	1	2	2	4	2	4	3	3	3	3	3	3	3	3	10	10	家族战场准备场
1859	1	2	2	4	2	4	3	3	3	3	3	3	3	3	10	10	家族战场准备场
1860	1	2	3	3	3	6	3	3	3	3	3	3	3	3	3	3	得悦舫
1861	1	2	1	2	4	4	4	4	4	4	4	4	4	4	4	4	得悦舫
1862	1	1	2	3	5	5	5	5	5	5	5	5	5	5	5	5	得悦舫
2013	1	2	2	2	2	2	2	2	2	2	2	2	2	2	2	2	楼兰古城
829	1	1	1	1	1	1	1	1	1	1	1	1	1	1	1	1	逍遥谷地狱
830	1	1	1	1	2	2	2	2	2	2	2	2	2	2	2	2	逍遥谷地狱
831	1	1	1	2	3	3	7	7	7	7	7	7	7	7	7	7	逍遥谷地狱
832	1	1	2	2	4	4	4	4	4	4	4	4	4	4	4	4	逍遥谷地狱
833	1	2	3	3	5	5	5	5	5	5	5	5	5	5	5	5	逍遥谷地狱
834	1	2	3	3	3	6	6	6	6	6	6	6	6	6	6	6	逍遥谷地狱
835	1	2	2	4	2	4	3	3	3	3	3	3	3	3	3	3	逍遥谷地狱
2027	1	1	1	1	1	1	1	1	1	1	1	1	1	1	1	1	逍遥谷地狱
2028	1	1	1	1	2	2	2	2	2	2	2	2	2	2	2	2	逍遥谷地狱
2029	1	1	1	2	3	3	7	7	7	7	7	7	7	7	7	7	逍遥谷地狱
2030	1	1	2	2	4	4	4	4	4	4	4	4	4	4	4	4	逍遥谷地狱
2031	1	2	3	3	5	5	5	5	5	5	5	5	5	5	5	5	逍遥谷地狱
2032	1	2	3	3	3	6	6	6	6	6	6	6	6	6	6	6	逍遥谷地狱
2033	1	2	2	4	2	4	3	3	3	3	3	3	3	3	3	3	逍遥谷地狱
871	1	1	1	1	1	1	1	1	1	1	1	1	1	1	1	1	逍遥谷地狱
872	1	1	1	1	2	2	2	2	2	2	2	2	2	2	2	2	逍遥谷地狱
873	1	1	1	2	3	3	7	7	7	7	7	7	7	7	7	7	逍遥谷地狱
874	1	1	2	2	4	4	4	4	4	4	4	4	4	4	4	4	逍遥谷地狱
875	1	2	3	3	5	5	5	5	5	5	5	5	5	5	5	5	逍遥谷地狱
876	1	2	3	3	3	6	6	6	6	6	6	6	6	6	6	6	逍遥谷地狱
877	1	2	2	4	2	4	3	3	3	3	3	3	3	3	3	3	逍遥谷地狱
836	1	1	1	1	1	1	1	1	1	1	1	1	1	1	1	1	逍遥谷地狱
837	1	1	1	1	2	2	2	2	2	2	2	2	2	2	2	2	逍遥谷地狱
838	1	1	1	2	3	3	7	7	7	7	7	7	7	7	7	7	逍遥谷地狱
839	1	1	2	2	4	4	4	4	4	4	4	4	4	4	4	4	逍遥谷地狱
840	1	2	3	3	5	5	5	5	5	5	5	5	5	5	5	5	逍遥谷地狱
841	1	2	3	3	3	6	6	6	6	6	6	6	6	6	6	6	逍遥谷地狱
842	1	2	2	4	2	4	3	3	3	3	3	3	3	3	3	3	逍遥谷地狱
2034	1	1	1	1	1	1	1	1	1	1	1	1	1	1	1	1	逍遥谷地狱
2035	1	1	1	1	2	2	2	2	2	2	2	2	2	2	2	2	逍遥谷地狱
2036	1	1	1	2	3	3	7	7	7	7	7	7	7	7	7	7	逍遥谷地狱
2037	1	1	2	2	4	4	4	4	4	4	4	4	4	4	4	4	逍遥谷地狱
2038	1	2	3	3	5	5	5	5	5	5	5	5	5	5	5	5	逍遥谷地狱
2039	1	2	3	3	3	6	6	6	6	6	6	6	6	6	6	6	逍遥谷地狱
2040	1	2	2	4	2	4	3	3	3	3	3	3	3	3	3	3	逍遥谷地狱
892	1	1	1	1	1	1	1	1	1	1	1	1	1	1	1	1	逍遥谷地狱
893	1	1	1	1	2	2	2	2	2	2	2	2	2	2	2	2	逍遥谷地狱
894	1	1	1	2	3	3	7	7	7	7	7	7	7	7	7	7	逍遥谷地狱
895	1	1	2	2	4	4	4	4	4	4	4	4	4	4	4	4	逍遥谷地狱
896	1	2	3	3	5	5	5	5	5	5	5	5	5	5	5	5	逍遥谷地狱
897	1	2	3	3	3	6	6	6	6	6	6	6	6	6	6	6	逍遥谷地狱
898	1	2	2	4	2	4	3	3	3	3	3	3	3	3	3	3	逍遥谷地狱
843	1	1	1	1	1	1	1	1	1	1	1	1	1	1	1	1	逍遥谷地狱
844	1	1	1	1	2	2	2	2	2	2	2	2	2	2	2	2	逍遥谷地狱
845	1	1	1	2	3	3	7	7	7	7	7	7	7	7	7	7	逍遥谷地狱
846	1	1	2	2	4	4	4	4	4	4	4	4	4	4	4	4	逍遥谷地狱
847	1	2	3	3	5	5	5	5	5	5	5	5	5	5	5	5	逍遥谷地狱
848	1	2	3	3	3	6	6	6	6	6	6	6	6	6	6	6	逍遥谷地狱
849	1	2	2	4	2	4	3	3	3	3	3	3	3	3	3	3	逍遥谷地狱
864	1	1	1	1	1	1	1	1	1	1	1	1	1	1	1	1	逍遥谷地狱
865	1	1	1	1	2	2	2	2	2	2	2	2	2	2	2	2	逍遥谷地狱
866	1	1	1	2	3	3	7	7	7	7	7	7	7	7	7	7	逍遥谷地狱
867	1	1	2	2	4	4	4	4	4	4	4	4	4	4	4	4	逍遥谷地狱
868	1	2	3	3	5	5	5	5	5	5	5	5	5	5	5	5	逍遥谷地狱
869	1	2	3	3	3	6	6	6	6	6	6	6	6	6	6	6	逍遥谷地狱
870	1	2	2	4	2	4	3	3	3	3	3	3	3	3	3	3	逍遥谷地狱
899	1	1	1	1	1	1	1	1	1	1	1	1	1	1	1	1	逍遥谷地狱
900	1	1	1	1	2	2	2	2	2	2	2	2	2	2	2	2	逍遥谷地狱
901	1	1	1	2	3	3	7	7	7	7	7	7	7	7	7	7	逍遥谷地狱
902	1	1	2	2	4	4	4	4	4	4	4	4	4	4	4	4	逍遥谷地狱
903	1	2	3	3	5	5	5	5	5	5	5	5	5	5	5	5	逍遥谷地狱
904	1	2	3	3	3	6	6	6	6	6	6	6	6	6	6	6	逍遥谷地狱
905	1	2	2	4	2	4	3	3	3	3	3	3	3	3	3	3	逍遥谷地狱
850	1	1	1	1	1	1	1	1	1	1	1	1	1	1	1	1	逍遥谷地狱
851	1	1	1	1	2	2	2	2	2	2	2	2	2	2	2	2	逍遥谷地狱
852	1	1	1	2	3	3	7	7	7	7	7	7	7	7	7	7	逍遥谷地狱
853	1	1	2	2	4	4	4	4	4	4	4	4	4	4	4	4	逍遥谷地狱
854	1	2	3	3	5	5	5	5	5	5	5	5	5	5	5	5	逍遥谷地狱
855	1	2	3	3	3	6	6	6	6	6	6	6	6	6	6	6	逍遥谷地狱
856	1	2	2	4	2	4	3	3	3	3	3	3	3	3	3	3	逍遥谷地狱
857	1	1	1	1	1	1	1	1	1	1	1	1	1	1	1	1	逍遥谷地狱
858	1	1	1	1	2	2	2	2	2	2	2	2	2	2	2	2	逍遥谷地狱
859	1	1	1	2	3	3	7	7	7	7	7	7	7	7	7	7	逍遥谷地狱
860	1	1	2	2	4	4	4	4	4	4	4	4	4	4	4	4	逍遥谷地狱
861	1	2	3	3	5	5	5	5	5	5	5	5	5	5	5	5	逍遥谷地狱
862	1	2	3	3	3	6	6	6	6	6	6	6	6	6	6	6	逍遥谷地狱
863	1	2	2	4	2	4	3	3	3	3	3	3	3	3	3	3	逍遥谷地狱
906	1	1	1	1	1	1	1	1	1	1	1	1	1	1	1	1	逍遥谷地狱
907	1	1	1	1	2	2	2	2	2	2	2	2	2	2	2	2	逍遥谷地狱
908	1	1	1	2	3	3	7	7	7	7	7	7	7	7	7	7	逍遥谷地狱
909	1	1	2	2	4	4	4	4	4	4	4	4	4	4	4	4	逍遥谷地狱
910	1	2	3	3	5	5	5	5	5	5	5	5	5	5	5	5	逍遥谷地狱
911	1	2	3	3	3	6	6	6	6	6	6	6	6	6	6	6	逍遥谷地狱
912	1	2	2	4	2	4	3	3	3	3	3	3	3	3	3	3	逍遥谷地狱
2055	1	1	1	1	1	1	1	1	1	1	1	1	1	1	1	1	逍遥谷地狱
2014	1	1	1	1	2	2	2	2	2	2	2	2	2	2	2	2	逍遥谷地狱
2015	1	1	1	2	3	3	7	7	7	7	7	7	7	7	7	7	逍遥谷地狱
2016	1	1	2	2	4	4	4	4	4	4	4	4	4	4	4	4	逍遥谷地狱
2017	1	2	3	3	5	5	5	5	5	5	5	5	5	5	5	5	逍遥谷地狱
2018	1	2	3	3	3	6	6	6	6	6	6	6	6	6	6	6	逍遥谷地狱
2019	1	2	2	4	2	4	3	3	3	3	3	3	3	3	3	3	逍遥谷地狱
878	1	1	1	1	1	1	1	1	1	1	1	1	1	1	1	1	逍遥谷地狱
879	1	1	1	1	2	2	2	2	2	2	2	2	2	2	2	2	逍遥谷地狱
880	1	1	1	2	3	3	7	7	7	7	7	7	7	7	7	7	逍遥谷地狱
881	1	1	2	2	4	4	4	4	4	4	4	4	4	4	4	4	逍遥谷地狱
882	1	2	3	3	5	5	5	5	5	5	5	5	5	5	5	5	逍遥谷地狱
883	1	2	3	3	3	6	6	6	6	6	6	6	6	6	6	6	逍遥谷地狱
884	1	2	2	4	2	4	3	3	3	3	3	3	3	3	3	3	逍遥谷地狱
913	1	1	1	1	1	1	1	1	1	1	1	1	1	1	1	1	逍遥谷地狱
914	1	1	1	1	2	2	2	2	2	2	2	2	2	2	2	2	逍遥谷地狱
915	1	1	1	2	3	3	7	7	7	7	7	7	7	7	7	7	逍遥谷地狱
916	1	1	2	2	4	4	4	4	4	4	4	4	4	4	4	4	逍遥谷地狱
917	1	2	3	3	5	5	5	5	5	5	5	5	5	5	5	5	逍遥谷地狱
918	1	2	3	3	3	6	6	6	6	6	6	6	6	6	6	6	逍遥谷地狱
919	1	2	2	4	2	4	3	3	3	3	3	3	3	3	3	3	逍遥谷地狱
2020	1	1	1	1	1	1	1	1	1	1	1	1	1	1	1	1	逍遥谷地狱
2021	1	1	1	1	2	2	2	2	2	2	2	2	2	2	2	2	逍遥谷地狱
2022	1	1	1	2	3	3	7	7	7	7	7	7	7	7	7	7	逍遥谷地狱
2023	1	1	2	2	4	4	4	4	4	4	4	4	4	4	4	4	逍遥谷地狱
2024	1	2	3	3	5	5	5	5	5	5	5	5	5	5	5	5	逍遥谷地狱
2025	1	2	3	3	3	6	6	6	6	6	6	6	6	6	6	6	逍遥谷地狱
2026	1	2	2	4	2	4	3	3	3	3	3	3	3	3	3	3	逍遥谷地狱
885	1	1	1	1	1	1	1	1	1	1	1	1	1	1	1	1	逍遥谷地狱
886	1	1	1	1	2	2	2	2	2	2	2	2	2	2	2	2	逍遥谷地狱
887	1	1	1	2	3	3	7	7	7	7	7	7	7	7	7	7	逍遥谷地狱
888	1	1	2	2	4	4	4	4	4	4	4	4	4	4	4	4	逍遥谷地狱
889	1	2	3	3	5	5	5	5	5	5	5	5	5	5	5	5	逍遥谷地狱
890	1	2	3	3	3	6	6	6	6	6	6	6	6	6	6	6	逍遥谷地狱
891	1	2	2	4	2	4	3	3	3	3	3	3	3	3	3	3	逍遥谷地狱
920	1	1	1	1	1	1	1	1	1	1	1	1	1	1	1	1	逍遥谷地狱
921	1	1	1	1	2	2	2	2	2	2	2	2	2	2	2	2	逍遥谷地狱
922	1	1	1	2	3	3	7	7	7	7	7	7	7	7	7	7	逍遥谷地狱
923	1	1	2	2	4	4	4	4	4	4	4	4	4	4	4	4	逍遥谷地狱
924	1	2	3	3	5	5	5	5	5	5	5	5	5	5	5	5	逍遥谷地狱
925	1	2	3	3	3	6	6	6	6	6	6	6	6	6	6	6	逍遥谷地狱
926	1	2	2	4	2	4	3	3	3	3	3	3	3	3	3	3	逍遥谷地狱
2041	1	1	1	1	1	1	1	1	1	1	1	1	1	1	1	1	逍遥谷地狱
2042	1	1	1	1	2	2	2	2	2	2	2	2	2	2	2	2	逍遥谷地狱
2043	1	1	1	2	3	3	7	7	7	7	7	7	7	7	7	7	逍遥谷地狱
2044	1	1	2	2	4	4	4	4	4	4	4	4	4	4	4	4	逍遥谷地狱
2045	1	2	3	3	5	5	5	5	5	5	5	5	5	5	5	5	逍遥谷地狱
2046	1	2	3	3	3	6	6	6	6	6	6	6	6	6	6	6	逍遥谷地狱
2047	1	2	2	4	2	4	3	3	3	3	3	3	3	3	3	3	逍遥谷地狱
2048	1	1	1	1	1	1	1	1	1	1	1	1	1	1	1	1	逍遥谷地狱
2049	1	1	1	1	2	2	2	2	2	2	2	2	2	2	2	2	逍遥谷地狱
2050	1	1	1	2	3	3	7	7	7	7	7	7	7	7	7	7	逍遥谷地狱
2051	1	1	2	2	4	4	4	4	4	4	4	4	4	4	4	4	逍遥谷地狱
2052	1	2	3	3	5	5	5	5	5	5	5	5	5	5	5	5	逍遥谷地狱
2053	1	2	3	3	3	6	6	6	6	6	6	6	6	6	6	6	逍遥谷地狱
2054	1	2	2	4	2	4	3	3	3	3	3	3	3	3	3	3	逍遥谷地狱
927	1	1	1	1	1	1	1	1	1	1	1	1	1	1	1	1	逍遥谷地狱
928	1	1	1	1	2	2	2	2	2	2	2	2	2	2	2	2	逍遥谷地狱
929	1	1	1	2	3	3	7	7	7	7	7	7	7	7	7	7	逍遥谷地狱
930	1	1	2	2	4	4	4	4	4	4	4	4	4	4	4	4	逍遥谷地狱
931	1	2	3	3	5	5	5	5	5	5	5	5	5	5	5	5	逍遥谷地狱
932	1	2	3	3	3	6	6	6	6	6	6	6	6	6	6	6	逍遥谷地狱
933	1	2	2	4	2	4	3	3	3	3	3	3	3	3	3	3	逍遥谷地狱
934	1	1	1	1	1	1	1	1	1	1	1	1	1	1	1	1	逍遥谷地狱
935	1	1	1	1	2	2	2	2	2	2	2	2	2	2	2	2	逍遥谷地狱
936	1	1	1	2	3	3	7	7	7	7	7	7	7	7	7	7	逍遥谷地狱
937	1	1	2	2	4	4	4	4	4	4	4	4	4	4	4	4	逍遥谷地狱
938	1	2	3	3	5	5	5	5	5	5	5	5	5	5	5	5	逍遥谷地狱
939	1	2	3	3	3	6	6	6	6	6	6	6	6	6	6	6	逍遥谷地狱
940	1	2	2	4	2	4	3	3	3	3	3	3	3	3	3	3	逍遥谷地狱
941	1	1	1	1	1	1	1	1	1	1	1	1	1	1	1	1	逍遥谷地狱
942	1	1	1	1	2	2	2	2	2	2	2	2	2	2	2	2	逍遥谷地狱
943	1	1	1	2	3	3	7	7	7	7	7	7	7	7	7	7	逍遥谷地狱
944	1	1	2	2	4	4	4	4	4	4	4	4	4	4	4	4	逍遥谷地狱
945	1	2	3	3	5	5	5	5	5	5	5	5	5	5	5	5	逍遥谷地狱
946	1	2	3	3	3	6	6	6	6	6	6	6	6	6	6	6	逍遥谷地狱
947	1	2	2	4	2	4	3	3	3	3	3	3	3	3	3	3	逍遥谷地狱
948	1	1	1	1	1	1	1	1	1	1	1	1	1	1	1	1	逍遥谷地狱
949	1	1	1	1	2	2	2	2	2	2	2	2	2	2	2	2	逍遥谷地狱
950	1	1	1	2	3	3	7	7	7	7	7	7	7	7	7	7	逍遥谷地狱
951	1	1	2	2	4	4	4	4	4	4	4	4	4	4	4	4	逍遥谷地狱
952	1	2	3	3	5	5	5	5	5	5	5	5	5	5	5	5	逍遥谷地狱
953	1	2	3	3	3	6	6	6	6	6	6	6	6	6	6	6	逍遥谷地狱
954	1	2	2	4	2	4	3	3	3	3	3	3	3	3	3	3	逍遥谷地狱
2088	1	2	3	4	5	6	7	7	7	7	7	7	7	7	14	7	玉露村
2089	1	1	2	3	4	5	6	6	6	6	6	6	6	6	13	6	玉露村
2090	1	2	2	4	2	4	3	3	3	3	3	3	3	3	3	3	云岭-角色转移区域
2092	1	2	3	3	5	5	5	5	5	5	5	5	5	5	12	8	晏若雪家的院子（1）
2093	1	2	3	3	3	6	6	6	6	6	6	6	6	6	13	9	晏若雪家的院子（2）
2094	1	1	1	2	3	3	7	7	7	7	7	7	7	7	14	10	晏若雪家的院子（3）
2095	1	2	3	3	3	6	3	3	3	3	3	3	3	3	3	3	得悦舫
2096	1	2	1	2	4	4	4	4	4	4	4	4	4	4	4	4	得悦舫
2097	1	1	2	3	5	5	5	5	5	5	5	5	5	5	5	5	得悦舫
2098	1	2	3	3	5	5	5	5	5	5	5	5	5	5	12	8	前沿哨岗（1）
2099	1	2	3	3	3	6	6	6	6	6	6	6	6	6	13	9	前沿哨岗（2）
2100	1	1	1	2	3	3	7	7	7	7	7	7	7	7	14	10	前沿哨岗（3）
2101	1	1	2	2	4	4	4	4	4	4	4	4	4	4	11	8	寂寞划水寨（1）
2102	1	2	3	3	5	5	5	5	5	5	5	5	5	5	12	9	寂寞划水寨（2）
2103	1	2	3	3	3	6	6	6	6	6	6	6	6	6	13	10	寂寞划水寨（3）
2108	1	1	1	1	1	1	1	1	1	1	1	1	1	8	15	13	香蜜源（1线）
2109	1	1	1	1	2	2	2	2	2	2	2	2	2	9	15	14	香蜜源（2线）
2110	1	2	2	4	2	4	3	7	7	7	7	7	7	10	14	15	香蜜源（3线）
2111	1	1	2	2	4	4	4	4	4	4	4	4	4	11	14	10	香蜜源（4线）
2112	1	2	3	3	5	5	5	5	5	5	5	5	5	12	14	11	香蜜源（5线）
2113	1	2	3	3	3	6	6	6	6	6	6	6	6	13	15	12	香蜜源（6线）
2114	1	1	1	2	3	3	7	3	3	3	3	3	3	14	15	16	香蜜源（7线）
2115	1	1	1	1	1	1	1	1	1	1	1	1	1	8	15	13	灵秀村（1线）
2116	1	1	1	1	2	2	2	2	2	2	2	2	2	9	15	14	灵秀村（2线）
2117	1	2	2	4	2	4	3	7	7	7	7	7	7	10	14	15	灵秀村（3线）
2118	1	1	2	2	4	4	4	4	4	4	4	4	4	11	14	10	灵秀村（4线）
2119	1	2	3	3	5	5	5	5	5	5	5	5	5	12	14	11	灵秀村（5线）
2120	1	2	3	3	3	6	6	6	6	6	6	6	6	13	15	12	灵秀村（6线）
2121	1	1	1	2	3	3	7	3	3	3	3	3	3	14	15	16	灵秀村（7线）
2122	1	1	1	1	1	1	1	1	1	1	1	1	1	8	15	13	蜀南竹海（1线）
2123	1	1	1	1	2	2	2	2	2	2	2	2	2	9	15	14	蜀南竹海（2线）
2124	1	2	2	4	2	4	3	7	7	7	7	7	7	10	14	15	蜀南竹海（3线）
2125	1	1	2	2	4	4	4	4	4	4	4	4	4	11	14	10	蜀南竹海（4线）
2126	1	2	3	3	5	5	5	5	5	5	5	5	5	12	14	11	蜀南竹海（5线）
2127	1	2	3	3	3	6	6	6	6	6	6	6	6	13	15	12	蜀南竹海（6线）
2128	1	1	1	2	3	3	7	3	3	3	3	3	3	14	15	16	蜀南竹海（7线）
2131	1	1	1	1	1	1	1	1	1	1	1	1	1	8	15	13	试练山庄(壹)
2132	1	1	1	1	2	2	2	2	2	2	2	2	2	9	15	14	试练山庄(贰)
2133	1	2	2	4	2	4	3	7	7	7	7	7	7	10	14	15	试练山庄(叁)
2134	1	1	2	2	4	4	4	4	4	4	4	4	4	11	14	10	试练山庄(肆)
2135	1	2	3	3	5	5	5	5	5	5	5	5	5	12	14	11	试练山庄(伍)
2136	1	2	3	3	3	6	6	6	6	6	6	6	6	13	15	12	试练山庄(陆)
2137	1	1	1	2	3	3	7	3	3	3	3	3	3	14	15	16	试练山庄(柒)
2138	1	1	1	1	1	1	1	1	1	1	1	1	1	8	15	13	碧落谷(壹)
2139	1	1	1	1	2	2	2	2	2	2	2	2	2	9	15	14	碧落谷(贰)
2140	1	2	2	4	2	4	3	7	7	7	7	7	7	10	14	15	碧落谷(叁)
2141	1	1	2	2	4	4	4	4	4	4	4	4	4	11	14	10	碧落谷(肆)
2142	1	2	3	3	5	5	5	5	5	5	5	5	5	12	14	11	碧落谷(伍)
2143	1	2	3	3	3	6	6	6	6	6	6	6	6	13	15	12	碧落谷(陆)
2144	1	1	1	2	3	3	7	3	3	3	3	3	3	14	15	16	碧落谷(柒)
2147	1	1	1	1	1	1	1	1	1	1	1	1	1	1	1	1	克夷门要隘
2148	1	1	1	2	2	2	2	2	2	2	2	2	2	2	2	2	贺兰山东麓
2149	1	2	2	3	3	3	3	3	3	3	3	3	3	3	3	3	盐州
2150	1	2	2	4	4	4	4	4	4	4	4	4	4	4	4	4	兀剌海城
2151	1	2	3	4	5	5	5	5	5	5	5	5	5	5	5	5	鹿合谷
2252	1	1	1	1	1	1	1	1	1	1	1	1	1	1	1	1	逍遥谷
2155	1	1	1	1	2	2	2	2	2	2	2	2	2	2	2	2	逍遥谷
2156	1	1	1	2	3	3	7	7	7	7	7	7	7	7	7	7	逍遥谷
2157	1	1	2	2	4	4	4	4	4	4	4	4	4	4	4	4	逍遥谷
2158	1	2	3	3	5	5	5	5	5	5	5	5	5	5	5	5	逍遥谷
2159	1	2	3	3	3	6	6	6	6	6	6	6	6	6	6	6	逍遥谷
2160	1	2	2	4	2	4	3	3	3	3	3	3	3	3	3	3	逍遥谷
2161	1	1	1	1	1	1	1	1	1	1	1	1	1	1	1	1	逍遥谷
2162	1	1	1	1	2	2	2	2	2	2	2	2	2	2	2	2	逍遥谷
2163	1	1	1	2	3	3	7	7	7	7	7	7	7	7	7	7	逍遥谷
2164	1	1	2	2	4	4	4	4	4	4	4	4	4	4	4	4	逍遥谷
2165	1	2	3	3	5	5	5	5	5	5	5	5	5	5	5	5	逍遥谷
2166	1	2	3	3	3	6	6	6	6	6	6	6	6	6	6	6	逍遥谷
2167	1	2	2	4	2	4	3	3	3	3	3	3	3	3	3	3	逍遥谷
2245	1	1	1	1	1	1	1	1	1	1	1	1	1	1	1	1	逍遥谷
2246	1	1	1	1	2	2	2	2	2	2	2	2	2	2	2	2	逍遥谷
2247	1	1	1	2	3	3	7	7	7	7	7	7	7	7	7	7	逍遥谷
2248	1	1	2	2	4	4	4	4	4	4	4	4	4	4	4	4	逍遥谷
2249	1	2	3	3	5	5	5	5	5	5	5	5	5	5	5	5	逍遥谷
2250	1	2	3	3	3	6	6	6	6	6	6	6	6	6	6	6	逍遥谷
2251	1	2	2	4	2	4	3	3	3	3	3	3	3	3	3	3	逍遥谷
2168	1	1	1	1	1	1	1	1	1	1	1	1	1	1	1	1	逍遥谷
2169	1	1	1	1	2	2	2	2	2	2	2	2	2	2	2	2	逍遥谷
2170	1	1	1	2	3	3	7	7	7	7	7	7	7	7	7	7	逍遥谷
2171	1	1	2	2	4	4	4	4	4	4	4	4	4	4	4	4	逍遥谷
2172	1	2	3	3	5	5	5	5	5	5	5	5	5	5	5	5	逍遥谷
2173	1	2	3	3	3	6	6	6	6	6	6	6	6	6	6	6	逍遥谷
2174	1	2	2	4	2	4	3	3	3	3	3	3	3	3	3	3	逍遥谷
2175	1	1	1	1	1	1	1	1	1	1	1	1	1	1	1	1	逍遥谷
2176	1	1	1	1	2	2	2	2	2	2	2	2	2	2	2	2	逍遥谷
2177	1	1	1	2	3	3	7	7	7	7	7	7	7	7	7	7	逍遥谷
2178	1	1	2	2	4	4	4	4	4	4	4	4	4	4	4	4	逍遥谷
2179	1	2	3	3	5	5	5	5	5	5	5	5	5	5	5	5	逍遥谷
2180	1	2	3	3	3	6	6	6	6	6	6	6	6	6	6	6	逍遥谷
2181	1	2	2	4	2	4	3	3	3	3	3	3	3	3	3	3	逍遥谷
2182	1	1	1	1	1	1	1	1	1	1	1	1	1	1	1	1	逍遥谷
2183	1	1	1	1	2	2	2	2	2	2	2	2	2	2	2	2	逍遥谷
2184	1	1	1	2	3	3	7	7	7	7	7	7	7	7	7	7	逍遥谷
2185	1	1	2	2	4	4	4	4	4	4	4	4	4	4	4	4	逍遥谷
2186	1	2	3	3	5	5	5	5	5	5	5	5	5	5	5	5	逍遥谷
2187	1	2	3	3	3	6	6	6	6	6	6	6	6	6	6	6	逍遥谷
2188	1	2	2	4	2	4	3	3	3	3	3	3	3	3	3	3	逍遥谷
2189	1	1	1	1	1	1	1	1	1	1	1	1	1	1	1	1	逍遥谷
2190	1	1	1	1	2	2	2	2	2	2	2	2	2	2	2	2	逍遥谷
2191	1	1	1	2	3	3	7	7	7	7	7	7	7	7	7	7	逍遥谷
2192	1	1	2	2	4	4	4	4	4	4	4	4	4	4	4	4	逍遥谷
2193	1	2	3	3	5	5	5	5	5	5	5	5	5	5	5	5	逍遥谷
2194	1	2	3	3	3	6	6	6	6	6	6	6	6	6	6	6	逍遥谷
2195	1	2	2	4	2	4	3	3	3	3	3	3	3	3	3	3	逍遥谷
2196	1	1	1	1	1	1	1	1	1	1	1	1	1	1	1	1	逍遥谷
2197	1	1	1	1	2	2	2	2	2	2	2	2	2	2	2	2	逍遥谷
2198	1	1	1	2	3	3	7	7	7	7	7	7	7	7	7	7	逍遥谷
2199	1	1	2	2	4	4	4	4	4	4	4	4	4	4	4	4	逍遥谷
2200	1	2	3	3	5	5	5	5	5	5	5	5	5	5	5	5	逍遥谷
2201	1	2	3	3	3	6	6	6	6	6	6	6	6	6	6	6	逍遥谷
2202	1	2	2	4	2	4	3	3	3	3	3	3	3	3	3	3	逍遥谷
2203	1	1	1	1	1	1	1	1	1	1	1	1	1	1	1	1	逍遥谷
2204	1	1	1	1	2	2	2	2	2	2	2	2	2	2	2	2	逍遥谷
2205	1	1	1	2	3	3	7	7	7	7	7	7	7	7	7	7	逍遥谷
2206	1	1	2	2	4	4	4	4	4	4	4	4	4	4	4	4	逍遥谷
2207	1	2	3	3	5	5	5	5	5	5	5	5	5	5	5	5	逍遥谷
2208	1	2	3	3	3	6	6	6	6	6	6	6	6	6	6	6	逍遥谷
2209	1	2	2	4	2	4	3	3	3	3	3	3	3	3	3	3	逍遥谷
2210	1	1	1	1	1	1	1	1	1	1	1	1	1	1	1	1	逍遥谷
2211	1	1	1	1	2	2	2	2	2	2	2	2	2	2	2	2	逍遥谷
2212	1	1	1	2	3	3	7	7	7	7	7	7	7	7	7	7	逍遥谷
2213	1	1	2	2	4	4	4	4	4	4	4	4	4	4	4	4	逍遥谷
2214	1	2	3	3	5	5	5	5	5	5	5	5	5	5	5	5	逍遥谷
2215	1	2	3	3	3	6	6	6	6	6	6	6	6	6	6	6	逍遥谷
2216	1	2	2	4	2	4	3	3	3	3	3	3	3	3	3	3	逍遥谷
2217	1	1	1	1	1	1	1	1	1	1	1	1	1	1	1	1	逍遥谷
2218	1	1	1	1	2	2	2	2	2	2	2	2	2	2	2	2	逍遥谷
2219	1	1	1	2	3	3	7	7	7	7	7	7	7	7	7	7	逍遥谷
2220	1	1	2	2	4	4	4	4	4	4	4	4	4	4	4	4	逍遥谷
2221	1	2	3	3	5	5	5	5	5	5	5	5	5	5	5	5	逍遥谷
2222	1	2	3	3	3	6	6	6	6	6	6	6	6	6	6	6	逍遥谷
2223	1	2	2	4	2	4	3	3	3	3	3	3	3	3	3	3	逍遥谷
2224	1	1	1	1	1	1	1	1	1	1	1	1	1	1	1	1	逍遥谷
2225	1	1	1	1	2	2	2	2	2	2	2	2	2	2	2	2	逍遥谷
2226	1	1	1	2	3	3	7	7	7	7	7	7	7	7	7	7	逍遥谷
2227	1	1	2	2	4	4	4	4	4	4	4	4	4	4	4	4	逍遥谷
2228	1	2	3	3	5	5	5	5	5	5	5	5	5	5	5	5	逍遥谷
2229	1	2	3	3	3	6	6	6	6	6	6	6	6	6	6	6	逍遥谷
2230	1	2	2	4	2	4	3	3	3	3	3	3	3	3	3	3	逍遥谷
2231	1	1	1	1	1	1	1	1	1	1	1	1	1	1	1	1	逍遥谷
2232	1	1	1	1	2	2	2	2	2	2	2	2	2	2	2	2	逍遥谷
2233	1	1	1	2	3	3	7	7	7	7	7	7	7	7	7	7	逍遥谷
2234	1	1	2	2	4	4	4	4	4	4	4	4	4	4	4	4	逍遥谷
2235	1	2	3	3	5	5	5	5	5	5	5	5	5	5	5	5	逍遥谷
2236	1	2	3	3	3	6	6	6	6	6	6	6	6	6	6	6	逍遥谷
2237	1	2	2	4	2	4	3	3	3	3	3	3	3	3	3	3	逍遥谷
2238	1	1	1	1	1	1	1	1	1	1	1	1	1	1	1	1	逍遥谷
2239	1	1	1	1	2	2	2	2	2	2	2	2	2	2	2	2	逍遥谷
2240	1	1	1	2	3	3	7	7	7	7	7	7	7	7	7	7	逍遥谷
2241	1	1	2	2	4	4	4	4	4	4	4	4	4	4	4	4	逍遥谷
2242	1	2	3	3	5	5	5	5	5	5	5	5	5	5	5	5	逍遥谷
2243	1	2	3	3	3	6	6	6	6	6	6	6	6	6	6	6	逍遥谷
2244	1	2	2	4	2	4	3	3	3	3	3	3	3	3	3	3	逍遥谷
2154	1	1	1	1	1	1	1	1	1	1	1	1	1	8	15	13	桃溪镇（1线）
2254	1	1	1	1	2	2	2	2	2	2	2	2	2	9	15	14	桃溪镇（2线）
2255	1	2	2	4	2	4	3	7	7	7	7	7	7	10	14	15	桃溪镇（3线）
2256	1	1	2	2	4	4	4	4	4	4	4	4	4	11	14	10	桃溪镇（4线）
2257	1	2	3	3	5	5	5	5	5	5	5	5	5	12	14	11	桃溪镇（5线）
2258	1	2	3	3	3	6	6	6	6	6	6	6	6	13	15	12	桃溪镇（6线）
2259	1	1	1	2	3	3	7	3	3	3	3	3	3	14	15	16	桃溪镇（7线）
2260	1	1	1	1	4	4	4	4	4	4	4	4	4	4	11	11	冰火天堑1
2261	1	1	1	2	3	3	7	7	7	7	7	7	7	7	7	7	古墓
2262	1	1	1	1	1	1	7	7	7	7	7	7	7	7	7	7	门派竞技场(古墓)
2263	1	2	3	4	4	4	4	6	6	6	6	6	6	6	13	13	初级联赛会场（13）
2264	1	2	3	4	4	4	4	6	6	6	6	6	6	6	13	13	初级联赛准备场（13）
2265	1	2	3	4	4	4	4	6	6	6	6	6	6	6	13	13	初级联赛比赛场（13）
2266	1	1	2	4	5	6	6	6	6	6	6	6	6	6	13	13	高级联赛会场（13）
2267	1	1	2	4	5	6	6	6	6	6	6	6	6	6	13	13	高级联赛准备场（13）
2268	1	1	2	4	5	6	6	6	6	6	6	6	6	6	13	13	高级联赛比赛场（13）
2269	1	1	1	1	2	2	2	2	2	2	2	2	2	2	9	9	初级多人赛比赛场（13）
2270	1	1	1	1	2	2	2	2	2	2	2	2	2	2	9	9	高级多人赛比赛场（13）
2271	1	1	1	1	2	2	2	2	2	2	2	2	2	2	9	9	初级联赛比赛场（13）
2272	1	1	2	4	5	6	6	6	6	6	6	6	6	6	13	13	高级联赛比赛场（13）
2286	1	2	2	4	5	5	6	6	6	6	6	6	6	6	13	8	青螺岛
2287	1	2	2	4	5	5	6	6	6	6	6	6	6	6	13	8	船舱2层
2288	1	2	2	4	5	5	6	6	6	6	6	6	6	6	13	8	船舱3层
2289	1	1	1	1	1	2	1	1	1	1	1	1	1	1	8	8	冰火天堑2
2290	1	2	3	3	5	5	5	5	5	5	5	5	5	5	12	12	冰火天堑3
