NpcName	Class	NpcTemplateId	NpcType	NpcCamp	NpcLevel	NpcSeriesAuto	NpcSeriesMetal	NpcSeriesWood	NpcSeriesWater	NpcSeriesFire	NpcSeriesEarth	NpcTreasure	NpcDroprate	XPos	YPos	NpcPosFile	Removewhendeath	Quantity	ChangeColorScheme
Thủ Khố	0	2599	3	5	90	1	20	20	20	20	20	1		49920	101248		1		
Chủ Tiệm Binh Khí	0	2548	3	5	90	1	20	20	20	20	20	1		49216	100480		1		
Chủ Tiệm Phòng Cụ	0	2549	3	5	90	1	20	20	20	20	20	1		48960	99744		1		
Chủ Tiệm Thuốc	0	2550	3	5	90	1	20	20	20	20	20	1		50304	99552		1		
Chủ Tiệm Tạp Hóa	0	2551	3	5	90	1	20	20	20	20	20	1		48320	100480		1		
Tổng Quản Môn Phái	0	2552	3	5	90	1	20	20	20	20	20	1		49632	98944		1		
Truyền Tống Môn Phái	0	2553	3	5	90	1	20	20	20	20	20	1		50720	100480		1		
Người bắt rắn	0	75	3	5	90	1	20	20	20	20	20	1		51488	96640		1		
Hồ Hiến Cơ	0	3520	3	5	90	1	20	20	20	20	20	1		51680	98656		1		2
Hàn Phá Sơn	0	3521	3	5	90	1	20	20	20	20	20	1		48992	96960		1		
Lư Tiếu Bần	0	3522	3	5	90	1	20	20	20	20	20	1		48800	101440		1		
Điệp Phiêu Phiêu	0	3523	3	5	90	1	20	20	20	20	20	1		47552	99136		1		
Cổ Yên Nhiên	0	3524	3	5	150	1	20	20	20	20	20	1		46432	95232		1		
to_longquancun	1															\setting\map\map_info\wudujiao\trap\to_longquancun.txt			
to_nanyibuluo	1															\setting\map\map_info\wudujiao\trap\to_nanyibuluo.txt			
Long Tuyền Thôn	0	2525	4	5	1	1	20	20	20	20	20	1		52096	101856		1		
Bộ Lạc Nam Di	0	2525	4	5	1	1	20	20	20	20	20	1		46368	102560		1		
Điểm tìm đường Truyền Tống Môn Phái	0	2615	5	5	1	1	20	20	20	20	20	1		50720	100480		1		
Chủ Tửu Lầu	0	2630	3	5	90	1	20	20	20	20	20	1		48224	99328		1		
Dã Luyện Đại Sư	0	3574	3	5	60	1	20	20	20	20	20	1		50080	100544				2
6007	0	6007	5	5	1	1	20	20	20	20	20	1		46432	102176				
6007	0	6007	5	5	1	1	20	20	20	20	20	1		51200	102560				
6011	0	6011	5	5	1	1	20	20	20	20	20	1		48512	99360				
6011	0	6011	5	5	1	1	20	20	20	20	20	1		49536	102112				
6011	0	6011	5	5	1	1	20	20	20	20	20	1		51264	98272				
6018	0	6018	5	5	1	1	20	20	20	20	20	1		46496	102784				
6018	0	6018	5	5	1	1	20	20	20	20	20	1		47008	103488				
6018	0	6018	5	5	1	1	20	20	20	20	20	1		47264	94304				
6018	0	6018	5	5	1	1	20	20	20	20	20	1		47648	96576				
6018	0	6018	5	5	1	1	20	20	20	20	20	1		47776	97728				
6018	0	6018	5	5	1	1	20	20	20	20	20	1		48000	98720				
6018	0	6018	5	5	1	1	20	20	20	20	20	1		48480	101600				
6018	0	6018	5	5	1	1	20	20	20	20	20	1		49856	94592				
6018	0	6018	5	5	1	1	20	20	20	20	20	1		50240	97568				
6018	0	6018	5	5	1	1	20	20	20	20	20	1		50752	95328				
6018	0	6018	5	5	1	1	20	20	20	20	20	1		52000	101568				
6019	0	6019	5	5	1	1	20	20	20	20	20	1		46144	102336				
6019	0	6019	5	5	1	1	20	20	20	20	20	1		51520	96352				
6019	0	6019	5	5	1	1	20	20	20	20	20	1		51520	102112				
6023	0	6023	5	5	1	1	20	20	20	20	20	1		45856	95168				
6023	0	6023	5	5	1	1	20	20	20	20	20	1		47040	103136				
6023	0	6023	5	5	1	1	20	20	20	20	20	1		47168	94528				
6023	0	6023	5	5	1	1	20	20	20	20	20	1		47296	96960				
6023	0	6023	5	5	1	1	20	20	20	20	20	1		47264	102080				
6023	0	6023	5	5	1	1	20	20	20	20	20	1		47200	103008				
6023	0	6023	5	5	1	1	20	20	20	20	20	1		47776	101504				
6023	0	6023	5	5	1	1	20	20	20	20	20	1		48480	97664				
6023	0	6023	5	5	1	1	20	20	20	20	20	1		48512	101888				
6023	0	6023	5	5	1	1	20	20	20	20	20	1		49568	98944				
6023	0	6023	5	5	1	1	20	20	20	20	20	1		51168	96736				
6023	0	6023	5	5	1	1	20	20	20	20	20	1		51968	98784				
6023	0	6023	5	5	1	1	20	20	20	20	20	1		51904	101792				
6024	0	6024	5	5	1	1	20	20	20	20	20	1		47264	95872				
6024	0	6024	5	5	1	1	20	20	20	20	20	1		48768	98656				
6024	0	6024	5	5	1	1	20	20	20	20	20	1		49568	96416				
6024	0	6024	5	5	1	1	20	20	20	20	20	1		50880	95904				
6024	0	6024	5	5	1	1	20	20	20	20	20	1		51488	97632				
6032	0	6032	5	5	1	1	20	20	20	20	20	1		50944	100352				
6033	0	6033	5	5	1	1	20	20	20	20	20	1		50848	100192				
6035	0	6035	5	5	1	1	20	20	20	20	20	1		50912	100224				
6041	0	6041	5	5	1	1	20	20	20	20	20	1		48608	99328				
6041	0	6041	5	5	1	1	20	20	20	20	20	1		48672	99392				
6041	0	6041	5	5	1	1	20	20	20	20	20	1		49184	96832				
6041	0	6041	5	5	1	1	20	20	20	20	20	1		49472	102112				
6041	0	6041	5	5	1	1	20	20	20	20	20	1		51360	98176				
6042	0	6042	5	5	1	1	20	20	20	20	20	1		49952	99168				
6055	0	6055	5	5	1	1	20	20	20	20	20	1		48192	98944				
6058	0	6058	5	5	1	1	20	20	20	20	20	1		47360	99616				
6074	0	6074	5	5	1	1	20	20	20	20	20	1		48032	100640				
6077	0	6077	5	5	1	1	20	20	20	20	20	1		46432	102272				
6077	0	6077	5	5	1	1	20	20	20	20	20	1		51232	102624				
6079	0	6079	5	5	1	1	20	20	20	20	20	1		49440	101728				
6091	0	6091	5	5	1	1	20	20	20	20	20	1		48960	100448				
6092	0	6092	5	5	1	1	20	20	20	20	20	1		50400	99584				
6099	0	6099	5	5	1	1	20	20	20	20	20	1		47904	98944				
6099	0	6099	5	5	1	1	20	20	20	20	20	1		51776	98688				
6100	0	6100	5	5	1	1	20	20	20	20	20	1		51072	98688				
6103	0	6103	5	5	1	1	20	20	20	20	20	1		47232	101920				
6103	0	6103	5	5	1	1	20	20	20	20	20	1		50464	101120				
6103	0	6103	5	5	1	1	20	20	20	20	20	1		51808	96352				
6103	0	6103	5	5	1	1	20	20	20	20	20	1		51712	102016				
6104	0	6104	5	5	1	1	20	20	20	20	20	1		48096	98944				
6112	0	6112	5	5	1	1	20	20	20	20	20	1		49376	101632				
6114	0	6114	5	5	1	1	20	20	20	20	20	1		48608	102432				
6114	0	6114	5	5	1	1	20	20	20	20	20	1		49440	96992				
