Template	ReactNpc	MapId	X	Y
0	0	32	1749	3578
0	0	32	1755	3622
0	0	32	1784	3569
0	0	32	1792	3615
0	0	32	1815	3557
0	0	32	1824	3590
3428	3413	32	1738	3572
3428	3413	32	1752	3563
3428	3413	32	1757	3580
3428	3413	32	1749	3593
3428	3413	32	1749	3610
3428	3413	32	1759	3612
3428	3413	32	1747	3626
3428	3413	32	1758	3637
3428	3413	32	1762	3566
3428	3413	32	1773	3552
3428	3413	32	1771	3607
3428	3413	32	1770	3590
3428	3413	32	1770	3642
3428	3413	32	1789	3555
3428	3413	32	1776	3578
3428	3413	32	1790	3582
3428	3413	32	1782	3601
3428	3413	32	1778	3620
3428	3413	32	1789	3627
3428	3413	32	1782	3639
3428	3413	32	1798	3553
3428	3413	32	1798	3573
3428	3413	32	1794	3598
3428	3413	32	1805	3593
3428	3413	32	1798	3625
3428	3413	32	1811	3544
3428	3413	32	1810	3568
3428	3413	32	1822	3575
3428	3413	32	1815	3591
3428	3413	32	1812	3607
3428	3413	32	1822	3604
3428	3413	32	1810	3623
3428	3413	32	1821	3619
3428	3413	32	1824	3543
3428	3413	32	1826	3560
3428	3413	32	1835	3565
3428	3413	32	1832	3601
3429	3418	32	1743	3581
3429	3418	32	1763	3622
3429	3418	32	1778	3565
3429	3418	32	1800	3613
3429	3418	32	1818	3550
3429	3418	32	1830	3580
0	0	33	1738	3727
0	0	33	1742	3788
0	0	33	1779	3687
0	0	33	1782	3766
0	0	33	1802	3717
0	0	33	1817	3759
3428	3413	33	1730	3725
3428	3413	33	1738	3712
3428	3413	33	1737	3771
3428	3413	33	1729	3745
3428	3413	33	1736	3753
3428	3413	33	1735	3782
3428	3413	33	1734	3799
3428	3413	33	1742	3808
3428	3413	33	1750	3702
3428	3413	33	1745	3736
3428	3413	33	1759	3726
3428	3413	33	1754	3762
3428	3413	33	1750	3749
3428	3413	33	1745	3776
3428	3413	33	1750	3800
3428	3413	33	1775	3676
3428	3413	33	1769	3695
3428	3413	33	1771	3708
3428	3413	33	1775	3758
3428	3413	33	1767	3771
3428	3413	33	1773	3747
3428	3413	33	1766	3757
3428	3413	33	1771	3785
3428	3413	33	1787	3693
3428	3413	33	1784	3681
3428	3413	33	1779	3701
3428	3413	33	1789	3714
3428	3413	33	1791	3733
3428	3413	33	1784	3737
3428	3413	33	1787	3750
3428	3413	33	1800	3704
3428	3413	33	1792	3685
3428	3413	33	1801	3736
3428	3413	33	1800	3730
3428	3413	33	1797	3749
3428	3413	33	1798	3762
3428	3413	33	1808	3728
3428	3413	33	1822	3750
3428	3413	33	1808	3765
3428	3413	33	1816	3744
3428	3413	33	1809	3753
3428	3413	33	1827	3761
3429	3418	33	1746	3722
3429	3418	33	1752	3787
3429	3418	33	1770	3685
3429	3418	33	1775	3774
3429	3418	33	1810	3714
3429	3418	33	1818	3774
0	0	34	1697	3609
0	0	34	1704	3674
0	0	34	1729	3590
0	0	34	1743	3632
0	0	34	1742	3691
0	0	34	1771	3657
3428	3413	34	1689	3604
3428	3413	34	1686	3626
3428	3413	34	1689	3645
3428	3413	34	1695	3678
3428	3413	34	1699	3593
3428	3413	34	1696	3632
3428	3413	34	1705	3622
3428	3413	34	1711	3642
3428	3413	34	1697	3663
3428	3413	34	1702	3690
3428	3413	34	1722	3578
3428	3413	34	1724	3606
3428	3413	34	1713	3665
3428	3413	34	1713	3684
3428	3413	34	1732	3577
3428	3413	34	1740	3613
3428	3413	34	1736	3602
3428	3413	34	1740	3588
3428	3413	34	1731	3628
3428	3413	34	1739	3626
3428	3413	34	1733	3643
3428	3413	34	1738	3676
3428	3413	34	1731	3690
3428	3413	34	1743	3708
3428	3413	34	1735	3703
3428	3413	34	1756	3627
3428	3413	34	1755	3636
3428	3413	34	1750	3649
3428	3413	34	1744	3653
3428	3413	34	1752	3700
3428	3413	34	1773	3641
3428	3413	34	1766	3673
3428	3413	34	1775	3673
3428	3413	34	1760	3664
3428	3413	34	1762	3692
3428	3413	34	1781	3661
3428	3413	34	1778	3651
3429	3418	34	1704	3604
3429	3418	34	1706	3657
3429	3418	34	1718	3593
3429	3418	34	1747	3623
3429	3418	34	1750	3681
3429	3418	34	1763	3649
0	0	36	1716	3535
0	0	36	1733	3487
0	0	36	1743	3564
0	0	36	1754	3462
0	0	36	1765	3552
0	0	36	1784	3508
3428	3413	36	1709	3541
3428	3413	36	1711	3526
3428	3413	36	1724	3483
3428	3413	36	1722	3527
3428	3413	36	1725	3542
3428	3413	36	1727	3558
3428	3413	36	1729	3470
3428	3413	36	1738	3475
3428	3413	36	1743	3487
3428	3413	36	1733	3497
3428	3413	36	1743	3502
3428	3413	36	1731	3530
3428	3413	36	1742	3582
3428	3413	36	1735	3579
3428	3413	36	1737	3556
3428	3413	36	1758	3452
3428	3413	36	1745	3468
3428	3413	36	1749	3481
3428	3413	36	1758	3478
3428	3413	36	1759	3510
3428	3413	36	1757	3491
3428	3413	36	1745	3550
3428	3413	36	1752	3572
3428	3413	36	1754	3559
3428	3413	36	1762	3466
3428	3413	36	1773	3502
3428	3413	36	1767	3534
3428	3413	36	1760	3540
3428	3413	36	1775	3538
3428	3413	36	1763	3567
3428	3413	36	1775	3563
3428	3413	36	1786	3489
3428	3413	36	1778	3494
3428	3413	36	1776	3515
3428	3413	36	1785	3526
3428	3413	36	1779	3527
3428	3413	36	1794	3520
3429	3418	36	1726	3498
3429	3418	36	1716	3549
3429	3418	36	1736	3567
3429	3418	36	1748	3457
3429	3418	36	1774	3551
3429	3418	36	1793	3501
0	0	37	1756	3588
0	0	37	1770	3543
0	0	37	1760	3636
0	0	37	1786	3621
0	0	37	1798	3534
0	0	37	1813	3578
3428	3413	37	1757	3576
3428	3413	37	1750	3577
3428	3413	37	1757	3560
3428	3413	37	1756	3602
3428	3413	37	1749	3596
3428	3413	37	1751	3607
3428	3413	37	1746	3614
3428	3413	37	1750	3637
3428	3413	37	1752	3622
3428	3413	37	1759	3630
3428	3413	37	1756	3651
3428	3413	37	1770	3530
3428	3413	37	1763	3552
3428	3413	37	1772	3556
3428	3413	37	1767	3567
3428	3413	37	1767	3592
3428	3413	37	1771	3604
3428	3413	37	1761	3619
3428	3413	37	1767	3647
3428	3413	37	1770	3620
3428	3413	37	1789	3534
3428	3413	37	1790	3520
3428	3413	37	1781	3522
3428	3413	37	1780	3537
3428	3413	37	1781	3550
3428	3413	37	1789	3550
3428	3413	37	1790	3572
3428	3413	37	1783	3565
3428	3413	37	1785	3591
3428	3413	37	1778	3585
3428	3413	37	1787	3607
3428	3413	37	1778	3614
3428	3413	37	1778	3600
3428	3413	37	1786	3635
3428	3413	37	1777	3628
3428	3413	37	1778	3642
3428	3413	37	1797	3547
3428	3413	37	1807	3530
3428	3413	37	1799	3520
3428	3413	37	1802	3557
3428	3413	37	1794	3564
3428	3413	37	1801	3603
3428	3413	37	1797	3586
3428	3413	37	1794	3629
3428	3413	37	1817	3548
3428	3413	37	1817	3563
3428	3413	37	1820	3591
3428	3413	37	1808	3592
3428	3413	37	1826	3576
3429	3418	37	1762	3535
3429	3418	37	1765	3578
3429	3418	37	1768	3633
3429	3418	37	1805	3543
3429	3418	37	1806	3569
3429	3418	37	1794	3613
0	0	88	1691	3575
0	0	88	1728	3616
0	0	88	1755	3582
0	0	88	1750	3649
0	0	88	1771	3721
0	0	88	1779	3627
3392	3413	88	1692	3556
3392	3413	88	1681	3574
3392	3413	88	1692	3598
3392	3413	88	1725	3596
3392	3413	88	1730	3579
3392	3413	88	1743	3581
3392	3413	88	1737	3593
3392	3413	88	1738	3611
3392	3413	88	1740	3640
3392	3413	88	1732	3633
3392	3413	88	1740	3623
3392	3413	88	1753	3567
3392	3413	88	1747	3595
3392	3413	88	1753	3605
3392	3413	88	1752	3626
3392	3413	88	1770	3586
3392	3413	88	1761	3594
3392	3413	88	1767	3613
3392	3413	88	1775	3602
3392	3413	88	1772	3631
3392	3413	88	1762	3633
3392	3413	88	1760	3679
3392	3413	88	1762	3651
3392	3413	88	1771	3650
3392	3413	88	1767	3666
3392	3413	88	1768	3708
3392	3413	88	1761	3723
3392	3413	88	1774	3733
3392	3413	88	1785	3615
3392	3413	88	1780	3713
3397	3418	88	1700	3580
3397	3418	88	1717	3614
3397	3418	88	1754	3664
3397	3418	88	1763	3571
3397	3418	88	1781	3646
0		89	1708	3404
0	0	89	1713	3466
0	0	89	1743	3430
0	0	89	1742	3493
0	0	89	1776	3469
0	0	89	1786	3532
3392	3413	89	1694	3406
3392	3413	89	1690	3424
3392	3413	89	1700	3414
3392	3413	89	1701	3482
3392	3413	89	1711	3479
3392	3413	89	1710	3493
3392	3413	89	1703	3496
3392	3413	89	1713	3385
3392	3413	89	1724	3389
3392	3413	89	1716	3401
3392	3413	89	1714	3417
3392	3413	89	1721	3430
3392	3413	89	1722	3447
3392	3413	89	1724	3463
3392	3413	89	1725	3479
3392	3413	89	1719	3490
3392	3413	89	1733	3429
3392	3413	89	1729	3443
3392	3413	89	1741	3445
3392	3413	89	1734	3459
3392	3413	89	1738	3475
3392	3413	89	1733	3491
3392	3413	89	1729	3499
3392	3413	89	1759	3409
3392	3413	89	1756	3425
3392	3413	89	1750	3436
3392	3413	89	1753	3455
3392	3413	89	1751	3475
3392	3413	89	1744	3462
3392	3413	89	1753	3505
3392	3413	89	1751	3489
3392	3413	89	1764	3426
3392	3413	89	1761	3442
3392	3413	89	1772	3443
3392	3413	89	1771	3487
3392	3413	89	1762	3478
3392	3413	89	1761	3465
3392	3413	89	1771	3457
3392	3413	89	1763	3496
3392	3413	89	1773	3501
3392	3413	89	1775	3539
3392	3413	89	1763	3543
3392	3413	89	1781	3442
3392	3413	89	1784	3459
3392	3413	89	1788	3517
3392	3413	89	1783	3490
3392	3413	89	1780	3546
3392	3413	89	1798	3526
3392	3413	89	1793	3540
3397	3418	89	1704	3392
3397	3418	89	1713	3452
3397	3418	89	1740	3509
3397	3418	89	1748	3416
3397	3418	89	1783	3478
3397	3418	89	1779	3524
0	0	90	1718	3764
0	0	90	1745	3711
0	0	90	1768	3742
0	0	90	1783	3673
0	0	90	1818	3710
0	0	90	1829	3648
3392	3413	90	1705	3736
3392	3413	90	1698	3728
3392	3413	90	1710	3773
3392	3413	90	1702	3753
3392	3413	90	1720	3782
3392	3413	90	1740	3699
3392	3413	90	1734	3735
3392	3413	90	1730	3763
3392	3413	90	1730	3778
3392	3413	90	1740	3779
3392	3413	90	1756	3676
3392	3413	90	1746	3685
3392	3413	90	1749	3698
3392	3413	90	1759	3690
3392	3413	90	1756	3710
3392	3413	90	1746	3731
3392	3413	90	1756	3743
3392	3413	90	1757	3728
3392	3413	90	1766	3668
3392	3413	90	1769	3682
3392	3413	90	1766	3720
3392	3413	90	1773	3730
3392	3413	90	1776	3670
3392	3413	90	1778	3691
3392	3413	90	1787	3702
3392	3413	90	1788	3686
3392	3413	90	1785	3735
3392	3413	90	1779	3714
3392	3413	90	1791	3717
3392	3413	90	1782	3757
3392	3413	90	1795	3675
3392	3413	90	1796	3660
3392	3413	90	1807	3671
3392	3413	90	1806	3710
3392	3413	90	1797	3702
3392	3413	90	1802	3686
3392	3413	90	1797	3743
3392	3413	90	1800	3725
3392	3413	90	1813	3634
3392	3413	90	1815	3679
3392	3413	90	1811	3693
3392	3413	90	1814	3728
3392	3413	90	1822	3722
3392	3413	90	1809	3721
3392	3413	90	1824	3636
3392	3413	90	1838	3656
3392	3413	90	1824	3670
3392	3413	90	1825	3695
3392	3413	90	1845	3671
3397	3418	90	1713	3758
3397	3418	90	1737	3715
3397	3418	90	1768	3755
3397	3418	90	1787	3663
3397	3418	90	1834	3640
3397	3418	90	1827	3710
0	0	92	1819	3413
0	0	92	1828	3488
0	0	92	1851	3532
0	0	92	1865	3409
0	0	92	1887	3463
0	0	92	1896	3550
3392	3413	92	1821	3381
3392	3413	92	1821	3471
3392	3413	92	1821	3485
3392	3413	92	1823	3500
3392	3413	92	1823	3525
3392	3413	92	1822	3565
3392	3413	92	1826	3397
3392	3413	92	1834	3414
3392	3413	92	1836	3396
3392	3413	92	1828	3426
3392	3413	92	1837	3439
3392	3413	92	1837	3482
3392	3413	92	1836	3497
3392	3413	92	1832	3513
3392	3413	92	1833	3540
3392	3413	92	1833	3566
3392	3413	92	1848	3406
3392	3413	92	1855	3421
3392	3413	92	1845	3426
3392	3413	92	1848	3450
3392	3413	92	1842	3469
3392	3413	92	1854	3468
3392	3413	92	1847	3493
3392	3413	92	1844	3511
3392	3413	92	1855	3519
3392	3413	92	1840	3532
3392	3413	92	1858	3401
3392	3413	92	1866	3429
3392	3413	92	1857	3441
3392	3413	92	1869	3448
3392	3413	92	1865	3471
3392	3413	92	1860	3458
3392	3413	92	1861	3484
3392	3413	92	1857	3501
3392	3413	92	1867	3500
3392	3413	92	1863	3514
3392	3413	92	1862	3529
3392	3413	92	1878	3432
3392	3413	92	1880	3455
3392	3413	92	1882	3483
3392	3413	92	1875	3470
3392	3413	92	1873	3489
3392	3413	92	1880	3502
3392	3413	92	1873	3514
3392	3413	92	1879	3527
3392	3413	92	1880	3557
3392	3413	92	1882	3570
3392	3413	92	1888	3558
3392	3413	92	1893	3579
3392	3413	92	1903	3568
3392	3413	92	1903	3553
3392	3413	92	1904	3537
3392	3413	92	1914	3538
3392	3413	92	1910	3520
3397	3418	92	1814	3402
3397	3418	92	1828	3474
3397	3418	92	1849	3547
3397	3418	92	1875	3415
3397	3418	92	1891	3451
3397	3418	92	1895	3566
0	0	95	1690	3603
0	0	95	1720	3558
0	0	95	1747	3537
0	0	95	1746	3604
0	0	95	1765	3564
0	0	95	1806	3593
3392	3413	95	1686	3578
3392	3413	95	1682	3605
3392	3413	95	1695	3594
3392	3413	95	1688	3620
3392	3413	95	1700	3610
3392	3413	95	1705	3625
3392	3413	95	1727	3569
3392	3413	95	1713	3570
3392	3413	95	1730	3549
3392	3413	95	1738	3538
3392	3413	95	1737	3522
3392	3413	95	1738	3560
3392	3413	95	1738	3579
3392	3413	95	1729	3590
3392	3413	95	1739	3598
3392	3413	95	1733	3605
3392	3413	95	1744	3550
3392	3413	95	1747	3569
3392	3413	95	1754	3555
3392	3413	95	1756	3576
3392	3413	95	1753	3614
3392	3413	95	1747	3586
3392	3413	95	1753	3596
3392	3413	95	1745	3626
3392	3413	95	1764	3529
3392	3413	95	1764	3548
3392	3413	95	1774	3536
3392	3413	95	1760	3601
3392	3413	95	1776	3550
3392	3413	95	1786	3561
3392	3413	95	1796	3577
3392	3413	95	1796	3617
3392	3413	95	1811	3580
3392	3413	95	1820	3578
3392	3413	95	1815	3601
3392	3413	95	1808	3609
3397	3418	95	1686	3592
3397	3418	95	1711	3555
3397	3418	95	1740	3611
3397	3418	95	1755	3538
3397	3418	95	1774	3564
3397	3418	95	1798	3601
0	0	96	1770	3673
0	0	96	1798	3739
0	0	96	1819	3560
0	0	96	1812	3612
0	0	96	1830	3694
0	0	96	1858	3610
3392	3413	96	1739	3638
3392	3413	96	1739	3661
3392	3413	96	1757	3631
3392	3413	96	1748	3654
3392	3413	96	1762	3647
3392	3413	96	1761	3666
3392	3413	96	1785	3667
3392	3413	96	1780	3684
3392	3413	96	1789	3699
3392	3413	96	1788	3744
3392	3413	96	1802	3570
3392	3413	96	1807	3600
3392	3413	96	1794	3657
3392	3413	96	1801	3669
3392	3413	96	1806	3650
3392	3413	96	1801	3687
3392	3413	96	1793	3681
3392	3413	96	1792	3721
3392	3413	96	1794	3760
3392	3413	96	1821	3545
3392	3413	96	1808	3553
3392	3413	96	1822	3589
3392	3413	96	1822	3605
3392	3413	96	1813	3635
3392	3413	96	1812	3668
3392	3413	96	1817	3648
3392	3413	96	1814	3685
3392	3413	96	1812	3746
3392	3413	96	1809	3762
3392	3413	96	1833	3550
3392	3413	96	1829	3564
3392	3413	96	1836	3607
3392	3413	96	1830	3622
3392	3413	96	1825	3637
3392	3413	96	1837	3636
3392	3413	96	1824	3662
3392	3413	96	1837	3656
3392	3413	96	1836	3674
3392	3413	96	1826	3680
3392	3413	96	1824	3701
3392	3413	96	1839	3692
3392	3413	96	1842	3561
3392	3413	96	1848	3609
3392	3413	96	1841	3620
3392	3413	96	1848	3643
3392	3413	96	1849	3663
3392	3413	96	1845	3702
3392	3413	96	1851	3683
3392	3413	96	1861	3582
3392	3413	96	1866	3615
3392	3413	96	1868	3594
3392	3413	96	1856	3631
3392	3413	96	1863	3681
3392	3413	96	1873	3605
3392	3413	96	1879	3585
3397	3418	96	1774	3660
3397	3418	96	1801	3751
3397	3418	96	1815	3571
3397	3418	96	1820	3620
3397	3418	96	1835	3707
3397	3418	96	1856	3597
0	0	99	1391	2784
0	0	99	1379	2826
0	0	99	1418	2894
0	0	99	1437	2824
0	0	99	1464	2930
0	0	99	1482	2865
3392	3413	99	1355	2810
3392	3413	99	1360	2787
3392	3413	99	1368	2802
3392	3413	99	1368	2823
3392	3413	99	1376	2781
3392	3413	99	1379	2805
3392	3413	99	1389	2802
3392	3413	99	1389	2821
3392	3413	99	1396	2765
3392	3413	99	1399	2801
3392	3413	99	1395	2842
3392	3413	99	1401	2821
3392	3413	99	1403	2839
3392	3413	99	1392	2861
3392	3413	99	1402	2869
3392	3413	99	1393	2882
3392	3413	99	1407	2887
3392	3413	99	1396	2902
3392	3413	99	1403	2922
3392	3413	99	1410	2794
3392	3413	99	1409	2810
3392	3413	99	1423	2814
3392	3413	99	1411	2827
3392	3413	99	1418	2840
3392	3413	99	1409	2855
3392	3413	99	1416	2872
3392	3413	99	1417	2922
3392	3413	99	1423	2954
3392	3413	99	1412	2952
3392	3413	99	1429	2800
3392	3413	99	1427	2830
3392	3413	99	1434	2847
3392	3413	99	1427	2866
3392	3413	99	1427	2911
3392	3413	99	1427	2890
3392	3413	99	1430	2933
3392	3413	99	1448	2802
3392	3413	99	1449	2819
3392	3413	99	1446	2840
3392	3413	99	1441	2864
3392	3413	99	1454	2856
3392	3413	99	1455	2875
3392	3413	99	1442	2886
3392	3413	99	1441	2904
3392	3413	99	1455	2898
3392	3413	99	1445	2929
3392	3413	99	1441	2955
3392	3413	99	1456	2793
3392	3413	99	1460	2837
3392	3413	99	1471	2829
3392	3413	99	1467	2852
3392	3413	99	1469	2909
3392	3413	99	1467	2889
3392	3413	99	1456	2918
3392	3413	99	1458	2945
3392	3413	99	1461	2964
3392	3413	99	1473	2872
3392	3413	99	1481	2890
3392	3413	99	1485	2911
3392	3413	99	1479	2927
3392	3413	99	1487	2946
3392	3413	99	1496	2850
3392	3413	99	1500	2873
3392	3413	99	1490	2881
3392	3413	99	1494	2898
3392	3413	99	1495	2919
3392	3413	99	1493	2935
3397	3418	99	1382	2847
3397	3418	99	1402	2783
3397	3418	99	1411	2905
3397	3418	99	1438	2805
3397	3418	99	1483	2844
3397	3418	99	1472	2943
0	0	104	1693	3480
0	0	104	1721	3512
0	0	104	1737	3440
0	0	104	1752	3497
0	0	104	1775	3388
0	0	104	1788	3494
3392	3413	104	1684	3479
3392	3413	104	1693	3468
3392	3413	104	1711	3445
3392	3413	104	1702	3434
3392	3413	104	1698	3460
3392	3413	104	1703	3484
3392	3413	104	1711	3466
3392	3413	104	1703	3508
3392	3413	104	1711	3496
3392	3413	104	1711	3522
3392	3413	104	1725	3442
3392	3413	104	1718	3483
3392	3413	104	1727	3476
3392	3413	104	1720	3460
3392	3413	104	1741	3454
3392	3413	104	1736	3487
3392	3413	104	1732	3459
3392	3413	104	1740	3475
3392	3413	104	1740	3517
3392	3413	104	1733	3503
3392	3413	104	1731	3527
3392	3413	104	1743	3540
3392	3413	104	1756	3392
3392	3413	104	1750	3418
3392	3413	104	1755	3432
3392	3413	104	1756	3455
3392	3413	104	1748	3444
3392	3413	104	1747	3484
3392	3413	104	1748	3465
3392	3413	104	1753	3512
3392	3413	104	1744	3504
3392	3413	104	1757	3532
3392	3413	104	1747	3526
3392	3413	104	1764	3384
3392	3413	104	1767	3404
3392	3413	104	1762	3416
3392	3413	104	1766	3434
3392	3413	104	1766	3452
3392	3413	104	1762	3469
3392	3413	104	1784	3383
3392	3413	104	1791	3479
3392	3413	104	1781	3501
3392	3413	104	1801	3478
3392	3413	104	1800	3506
3397	3418	104	1691	3493
3397	3418	104	1721	3499
3397	3418	104	1741	3428
3397	3418	104	1757	3485
3397	3418	104	1774	3377
3397	3418	104	1797	3491
0	0	106	1775	3566
0	0	106	1783	3611
0	0	106	1795	3557
0	0	106	1798	3632
0	0	106	1816	3570
0	0	106	1819	3612
3392	3413	106	1768	3567
3392	3413	106	1774	3584
3392	3413	106	1773	3609
3392	3413	106	1789	3546
3392	3413	106	1781	3560
3392	3413	106	1789	3558
3392	3413	106	1781	3575
3392	3413	106	1779	3599
3392	3413	106	1787	3587
3392	3413	106	1776	3623
3392	3413	106	1787	3623
3392	3413	106	1786	3639
3392	3413	106	1788	3653
3392	3413	106	1797	3544
3392	3413	106	1806	3547
3392	3413	106	1793	3574
3392	3413	106	1802	3575
3392	3413	106	1803	3588
3392	3413	106	1796	3598
3392	3413	106	1805	3603
3392	3413	106	1799	3615
3392	3413	106	1795	3646
3392	3413	106	1806	3631
3392	3413	106	1820	3547
3392	3413	106	1810	3570
3392	3413	106	1822	3588
3392	3413	106	1813	3587
3392	3413	106	1813	3606
3392	3413	106	1809	3620
3392	3413	106	1815	3632
3392	3413	106	1826	3562
3392	3413	106	1824	3602
3392	3413	106	1830	3611
3397	3418	106	1773	3555
3397	3418	106	1789	3608
3397	3418	106	1803	3559
3397	3418	106	1804	3639
3397	3418	106	1823	3573
3397	3418	106	1823	3622
0	0	109	1715	3570
0	0	109	1725	3632
0	0	109	1757	3524
0	0	109	1763	3611
0	0	109	1798	3467
0	0	109	1807	3563
3392	3413	109	1710	3522
3392	3413	109	1709	3537
3392	3413	109	1703	3576
3392	3413	109	1711	3612
3392	3413	109	1724	3509
3392	3413	109	1716	3502
3392	3413	109	1716	3515
3392	3413	109	1718	3532
3392	3413	109	1724	3522
3392	3413	109	1726	3543
3392	3413	109	1723	3583
3392	3413	109	1713	3589
3392	3413	109	1716	3625
3392	3413	109	1733	3515
3392	3413	109	1742	3507
3392	3413	109	1741	3527
3392	3413	109	1738	3543
3392	3413	109	1728	3562
3392	3413	109	1734	3581
3392	3413	109	1741	3564
3392	3413	109	1739	3609
3392	3413	109	1729	3601
3392	3413	109	1743	3592
3392	3413	109	1729	3624
3392	3413	109	1751	3543
3392	3413	109	1750	3577
3392	3413	109	1759	3560
3392	3413	109	1752	3604
3392	3413	109	1750	3622
3392	3413	109	1774	3457
3392	3413	109	1766	3508
3392	3413	109	1767	3539
3392	3413	109	1766	3575
3392	3413	109	1761	3591
3392	3413	109	1772	3598
3392	3413	109	1761	3626
3392	3413	109	1773	3631
3392	3413	109	1787	3467
3392	3413	109	1777	3499
3392	3413	109	1787	3510
3392	3413	109	1777	3527
3392	3413	109	1788	3536
3392	3413	109	1780	3576
3392	3413	109	1776	3556
3392	3413	109	1782	3602
3392	3413	109	1785	3620
3392	3413	109	1803	3484
3392	3413	109	1797	3523
3392	3413	109	1793	3558
3392	3413	109	1803	3601
3392	3413	109	1793	3609
3392	3413	109	1794	3590
3392	3413	109	1811	3496
3392	3413	109	1812	3542
3392	3413	109	1817	3573
3392	3413	109	1817	3558
3392	3413	109	1809	3592
3397	3418	109	1718	3555
3397	3418	109	1722	3640
3397	3418	109	1750	3516
3397	3418	109	1773	3613
3397	3418	109	1791	3479
3397	3418	109	1804	3575
0	0	111	1773	3580
0	0	111	1770	3646
0	0	111	1787	3532
0	0	111	1812	3507
0	0	111	1819	3610
0	0	111	1824	3559
3392	3413	111	1754	3631
3392	3413	111	1765	3517
3392	3413	111	1775	3527
3392	3413	111	1767	3543
3392	3413	111	1767	3569
3392	3413	111	1763	3557
3392	3413	111	1775	3599
3392	3413	111	1767	3593
3392	3413	111	1763	3635
3392	3413	111	1761	3651
3392	3413	111	1772	3662
3392	3413	111	1780	3544
3392	3413	111	1785	3579
3392	3413	111	1785	3605
3392	3413	111	1789	3594
3392	3413	111	1778	3619
3392	3413	111	1790	3623
3392	3413	111	1781	3657
3392	3413	111	1790	3659
3392	3413	111	1804	3503
3392	3413	111	1807	3522
3392	3413	111	1802	3536
3392	3413	111	1794	3540
3392	3413	111	1806	3551
3392	3413	111	1799	3565
3392	3413	111	1799	3610
3392	3413	111	1798	3584
3392	3413	111	1817	3480
3392	3413	111	1822	3504
3392	3413	111	1823	3520
3392	3413	111	1810	3569
3392	3413	111	1810	3604
3392	3413	111	1820	3592
3392	3413	111	1809	3587
3392	3413	111	1832	3511
3392	3413	111	1836	3579
3392	3413	111	1830	3571
3392	3413	111	1829	3598
3392	3413	111	1837	3610
3392	3413	111	1839	3595
3392	3413	111	1831	3586
3392	3413	111	1833	3624
3392	3413	111	1846	3615
3392	3413	111	1845	3602
3397	3418	111	1772	3636
3397	3418	111	1778	3569
3397	3418	111	1794	3524
3397	3418	111	1814	3493
3397	3418	111	1818	3554
3397	3418	111	1827	3613
0	0	116	1752	3534
0	0	116	1765	3502
0	0	116	1766	3569
0	0	116	1803	3508
0	0	116	1802	3570
0	0	116	1834	3539
3392	3413	116	1755	3503
3392	3413	116	1749	3520
3392	3413	116	1758	3546
3392	3413	116	1750	3553
3392	3413	116	1758	3569
3392	3413	116	1762	3517
3392	3413	116	1775	3507
3392	3413	116	1773	3520
3392	3413	116	1765	3537
3392	3413	116	1763	3582
3392	3413	116	1769	3555
3392	3413	116	1787	3491
3392	3413	116	1776	3491
3392	3413	116	1786	3512
3392	3413	116	1778	3578
3392	3413	116	1791	3576
3392	3413	116	1776	3567
3392	3413	116	1785	3555
3392	3413	116	1795	3507
3392	3413	116	1800	3548
3392	3413	116	1797	3526
3392	3413	116	1795	3564
3392	3413	116	1814	3507
3392	3413	116	1808	3523
3392	3413	116	1812	3543
3392	3413	116	1822	3551
3392	3413	116	1819	3533
3392	3413	116	1812	3568
3392	3413	116	1809	3556
3392	3413	116	1825	3514
3392	3413	116	1837	3509
3392	3413	116	1832	3521
3392	3413	116	1826	3564
3392	3413	116	1845	3548
3392	3413	116	1844	3524
3392	3413	116	1840	3566
3397	3418	116	1744	3535
3397	3418	116	1750	3574
3397	3418	116	1762	3489
3397	3418	116	1799	3492
3397	3418	116	1809	3581
3397	3418	116	1836	3555
0	0	118	1655	3575
0	0	118	1676	3478
0	0	118	1702	3577
0	0	118	1723	3489
0	0	118	1749	3574
0	0	118	1769	3517
3392	3413	118	1645	3575
3392	3413	118	1639	3565
3392	3413	118	1661	3518
3392	3413	118	1658	3532
3392	3413	118	1648	3560
3392	3413	118	1660	3561
3392	3413	118	1657	3597
3392	3413	118	1675	3463
3392	3413	118	1669	3474
3392	3413	118	1673	3493
3392	3413	118	1667	3508
3392	3413	118	1677	3511
3392	3413	118	1666	3543
3392	3413	118	1678	3545
3392	3413	118	1670	3529
3392	3413	118	1678	3583
3392	3413	118	1690	3478
3392	3413	118	1684	3494
3392	3413	118	1690	3507
3392	3413	118	1683	3525
3392	3413	118	1692	3542
3392	3413	118	1686	3562
3392	3413	118	1689	3581
3392	3413	118	1700	3466
3392	3413	118	1702	3482
3392	3413	118	1710	3472
3392	3413	118	1700	3500
3392	3413	118	1710	3506
3392	3413	118	1698	3520
3392	3413	118	1697	3554
3392	3413	118	1709	3552
3392	3413	118	1705	3564
3392	3413	118	1713	3491
3392	3413	118	1722	3503
3392	3413	118	1724	3519
3392	3413	118	1712	3522
3392	3413	118	1727	3531
3392	3413	118	1716	3541
3392	3413	118	1720	3577
3392	3413	118	1718	3563
3392	3413	118	1725	3552
3392	3413	118	1735	3494
3392	3413	118	1734	3510
3392	3413	118	1736	3525
3392	3413	118	1741	3551
3392	3413	118	1732	3547
3392	3413	118	1728	3567
3392	3413	118	1738	3568
3392	3413	118	1745	3507
3392	3413	118	1757	3503
3392	3413	118	1751	3517
3392	3413	118	1757	3543
3392	3413	118	1745	3537
3392	3413	118	1754	3553
3392	3413	118	1760	3526
3392	3413	118	1767	3541
3397	3418	118	1651	3587
3397	3418	118	1680	3471
3397	3418	118	1710	3575
3397	3418	118	1718	3479
3397	3418	118	1747	3561
3397	3418	118	1773	3526
0	0	120	1679	3489
0	0	120	1706	3542
0	0	120	1723	3568
0	0	120	1730	3525
0	0	120	1740	3552
0	0	120	1765	3470
3392	3413	120	1678	3478
3392	3413	120	1671	3490
3392	3413	120	1670	3509
3392	3413	120	1676	3520
3392	3413	120	1687	3485
3392	3413	120	1686	3501
3392	3413	120	1692	3508
3392	3413	120	1698	3490
3392	3413	120	1698	3519
3392	3413	120	1704	3549
3392	3413	120	1705	3526
3392	3413	120	1722	3510
3392	3413	120	1712	3538
3392	3413	120	1727	3537
3392	3413	120	1721	3545
3392	3413	120	1713	3552
3392	3413	120	1726	3556
3392	3413	120	1721	3582
3392	3413	120	1717	3575
3392	3413	120	1716	3594
3392	3413	120	1743	3508
3392	3413	120	1737	3534
3392	3413	120	1734	3547
3392	3413	120	1735	3562
3392	3413	120	1731	3575
3392	3413	120	1751	3472
3392	3413	120	1758	3494
3392	3413	120	1750	3501
3392	3413	120	1744	3529
3392	3413	120	1749	3571
3392	3413	120	1765	3456
3392	3413	120	1772	3464
3392	3413	120	1770	3480
3392	3413	120	1761	3482
3392	3413	120	1772	3494
3397	3418	120	1674	3500
3397	3418	120	1700	3536
3397	3418	120	1717	3563
3397	3418	120	1736	3519
3397	3418	120	1759	3466
3397	3418	120	1744	3561
0	0	121	1597	3239
0	0	121	1604	3293
0	0	121	1627	3321
0	0	121	1633	3258
0	0	121	1670	3283
0	0	121	1677	3338
3392	3413	121	1579	3282
3392	3413	121	1590	3219
3392	3413	121	1595	3258
3392	3413	121	1591	3242
3392	3413	121	1595	3273
3392	3413	121	1587	3279
3392	3413	121	1586	3296
3392	3413	121	1597	3300
3392	3413	121	1596	3317
3392	3413	121	1598	3333
3392	3413	121	1605	3249
3392	3413	121	1611	3260
3392	3413	121	1611	3281
3392	3413	121	1604	3268
3392	3413	121	1604	3310
3392	3413	121	1605	3323
3392	3413	121	1613	3310
3392	3413	121	1612	3334
3392	3413	121	1618	3248
3392	3413	121	1629	3237
3392	3413	121	1617	3295
3392	3413	121	1621	3264
3392	3413	121	1621	3279
3392	3413	121	1630	3293
3392	3413	121	1618	3325
3392	3413	121	1622	3309
3392	3413	121	1621	3346
3392	3413	121	1642	3243
3392	3413	121	1645	3259
3392	3413	121	1632	3274
3392	3413	121	1643	3273
3392	3413	121	1633	3306
3392	3413	121	1636	3321
3392	3413	121	1645	3313
3392	3413	121	1642	3298
3392	3413	121	1632	3358
3392	3413	121	1640	3343
3392	3413	121	1645	3357
3392	3413	121	1644	3328
3392	3413	121	1655	3259
3392	3413	121	1654	3294
3392	3413	121	1654	3277
3392	3413	121	1662	3271
3392	3413	121	1655	3326
3392	3413	121	1654	3312
3392	3413	121	1650	3340
3392	3413	121	1663	3335
3392	3413	121	1668	3260
3392	3413	121	1673	3315
3392	3413	121	1664	3316
3392	3413	121	1675	3299
3392	3413	121	1666	3300
3392	3413	121	1681	3263
3392	3413	121	1694	3295
3392	3413	121	1692	3280
3392	3413	121	1685	3289
3392	3413	121	1680	3318
3392	3413	121	1685	3302
3392	3413	121	1685	3350
3392	3413	121	1684	3331
3397	3418	121	1593	3229
3397	3418	121	1601	3282
3397	3418	121	1626	3252
3397	3418	121	1627	3336
3397	3418	121	1677	3277
3397	3418	121	1671	3329
0	0	126	1693	3545
0	0	126	1685	3585
0	0	126	1691	3628
0	0	126	1717	3550
0	0	126	1718	3592
0	0	126	1713	3629
3392	3413	126	1679	3560
3392	3413	126	1679	3595
3392	3413	126	1683	3545
3392	3413	126	1691	3562
3392	3413	126	1693	3575
3392	3413	126	1695	3611
3392	3413	126	1681	3614
3392	3413	126	1687	3644
3392	3413	126	1698	3530
3392	3413	126	1710	3531
3392	3413	126	1705	3546
3392	3413	126	1711	3546
3392	3413	126	1698	3558
3392	3413	126	1707	3561
3392	3413	126	1709	3577
3392	3413	126	1702	3575
3392	3413	126	1696	3594
3392	3413	126	1705	3594
3392	3413	126	1704	3610
3392	3413	126	1701	3623
3392	3413	126	1700	3637
3392	3413	126	1710	3644
3392	3413	126	1714	3564
3392	3413	126	1723	3565
3392	3413	126	1719	3580
3392	3413	126	1712	3608
3392	3413	126	1719	3617
3392	3413	126	1723	3629
3397	3418	126	1688	3534
3397	3418	126	1687	3598
3397	3418	126	1682	3628
3397	3418	126	1716	3538
3397	3418	126	1724	3602
3397	3418	126	1717	3640
0	0	128	1682	3438
0	0	128	1707	3502
0	0	128	1735	3469
0	0	128	1761	3542
0	0	128	1784	3513
0	0	128	1799	3564
3392	3413	128	1672	3419
3392	3413	128	1673	3447
3392	3413	128	1664	3457
3392	3413	128	1691	3431
3392	3413	128	1690	3448
3392	3413	128	1691	3469
3392	3413	128	1683	3475
3392	3413	128	1709	3423
3392	3413	128	1699	3425
3392	3413	128	1708	3455
3392	3413	128	1697	3459
3392	3413	128	1696	3487
3392	3413	128	1708	3479
3392	3413	128	1706	3518
3392	3413	128	1700	3510
3392	3413	128	1711	3532
3392	3413	128	1718	3442
3392	3413	128	1719	3464
3392	3413	128	1718	3479
3392	3413	128	1713	3493
3392	3413	128	1724	3497
3392	3413	128	1716	3509
3392	3413	128	1723	3532
3392	3413	128	1728	3476
3392	3413	128	1739	3482
3392	3413	128	1733	3489
3392	3413	128	1731	3512
3392	3413	128	1742	3515
3392	3413	128	1733	3526
3392	3413	128	1742	3529
3392	3413	128	1734	3541
3392	3413	128	1744	3466
3392	3413	128	1752	3460
3392	3413	128	1754	3474
3392	3413	128	1750	3487
3392	3413	128	1754	3507
3392	3413	128	1757	3493
3392	3413	128	1751	3540
3392	3413	128	1757	3520
3392	3413	128	1761	3466
3392	3413	128	1773	3473
3392	3413	128	1775	3516
3392	3413	128	1766	3517
3392	3413	128	1766	3500
3392	3413	128	1769	3545
3392	3413	128	1762	3556
3392	3413	128	1774	3559
3392	3413	128	1780	3466
3392	3413	128	1786	3496
3392	3413	128	1779	3489
3392	3413	128	1779	3550
3392	3413	128	1778	3538
3392	3413	128	1785	3531
3392	3413	128	1789	3545
3392	3413	128	1791	3575
3392	3413	128	1781	3582
3392	3413	128	1796	3536
3392	3413	128	1801	3526
3392	3413	128	1794	3555
3392	3413	128	1805	3586
3392	3413	128	1808	3563
3392	3413	128	1815	3552
3392	3413	128	1811	3575
3397	3418	128	1677	3429
3397	3418	128	1701	3493
3397	3418	128	1728	3460
3397	3418	128	1763	3529
3397	3418	128	1789	3522
3397	3418	128	1802	3575
0	0	134	1720	3482
0	0	134	1737	3548
0	0	134	1772	3481
0	0	134	1771	3574
0	0	134	1802	3508
0	0	134	1805	3563
3397	3418	134	1713	3466
3397	3418	134	1732	3566
3397	3418	134	1765	3471
3397	3418	134	1760	3579
3397	3418	134	1811	3518
3397	3418	134	1815	3577
3392	3413	134	1705	3472
3392	3413	134	1705	3507
3392	3413	134	1724	3496
3392	3413	134	1715	3501
3392	3413	134	1726	3514
3392	3413	134	1715	3520
3392	3413	134	1731	3484
3392	3413	134	1739	3518
3392	3413	134	1736	3500
3392	3413	134	1730	3532
3392	3413	134	1746	3482
3392	3413	134	1756	3466
3392	3413	134	1759	3490
3392	3413	134	1751	3507
3392	3413	134	1744	3535
3392	3413	134	1759	3523
3392	3413	134	1748	3559
3392	3413	134	1769	3505
3392	3413	134	1760	3546
3392	3413	134	1764	3563
3392	3413	134	1785	3492
3392	3413	134	1785	3516
3392	3413	134	1789	3540
3392	3413	134	1778	3547
3392	3413	134	1788	3579
3392	3413	134	1777	3565
3392	3413	134	1802	3488
3392	3413	134	1797	3523
3392	3413	134	1804	3541
3392	3413	134	1792	3558
3392	3413	134	1798	3576
3392	3413	134	1818	3537
3392	3413	134	1817	3562
3392	3413	134	1818	3595
3392	3413	134	1826	3517
3392	3413	134	1835	3540
3392	3413	134	1838	3523
3392	3413	134	1826	3586
0	0	136	1665	3465
0	0	136	1681	3412
0	0	136	1685	3513
0	0	136	1706	3426
0	0	136	1723	3501
0	0	136	1739	3439
3397	3418	136	1670	3400
3397	3418	136	1667	3440
3397	3418	136	1680	3497
3397	3418	136	1723	3483
3397	3418	136	1737	3455
3397	3418	136	1657	3452
3392	3413	136	1648	3451
3392	3413	136	1659	3473
3392	3413	136	1672	3424
3392	3413	136	1673	3457
3392	3413	136	1675	3473
3392	3413	136	1671	3490
3392	3413	136	1673	3511
3392	3413	136	1681	3388
3392	3413	136	1690	3396
3392	3413	136	1691	3419
3392	3413	136	1682	3438
3392	3413	136	1694	3441
3392	3413	136	1684	3458
3392	3413	136	1687	3480
3392	3413	136	1693	3503
3392	3413	136	1688	3529
3392	3413	136	1701	3405
3392	3413	136	1709	3444
3392	3413	136	1699	3484
3392	3413	136	1699	3461
3392	3413	136	1705	3502
3392	3413	136	1715	3427
3392	3413	136	1712	3487
3392	3413	136	1720	3459
3392	3413	136	1713	3469
3392	3413	136	1715	3517
3392	3413	136	1741	3422
3392	3413	136	1728	3441
3392	3413	136	1732	3471
3392	3413	136	1734	3509
3392	3413	136	1728	3524
3392	3413	136	1746	3444
3392	3413	136	1749	3427
0	0	137	1773	3633
0	0	137	1779	3564
0	0	137	1815	3611
0	0	137	1833	3669
0	0	137	1855	3637
0	0	137	1885	3658
3397	3418	137	1775	3549
3397	3418	137	1774	3611
3397	3418	137	1808	3603
3397	3418	137	1827	3658
3397	3418	137	1856	3654
3397	3418	137	1887	3643
3392	3413	137	1754	3599
3392	3413	137	1771	3535
3392	3413	137	1771	3578
3392	3413	137	1762	3582
3392	3413	137	1769	3597
3392	3413	137	1762	3621
3392	3413	137	1789	3574
3392	3413	137	1784	3589
3392	3413	137	1787	3608
3392	3413	137	1785	3628
3392	3413	137	1784	3650
3392	3413	137	1805	3579
3392	3413	137	1800	3590
3392	3413	137	1796	3603
3392	3413	137	1797	3625
3392	3413	137	1796	3642
3392	3413	137	1810	3624
3392	3413	137	1810	3641
3392	3413	137	1822	3621
3392	3413	137	1808	3658
3392	3413	137	1819	3666
3392	3413	137	1824	3642
3392	3413	137	1834	3644
3392	3413	137	1831	3629
3392	3413	137	1837	3659
3392	3413	137	1834	3677
3392	3413	137	1830	3695
3392	3413	137	1838	3704
3392	3413	137	1847	3637
3392	3413	137	1847	3653
3392	3413	137	1853	3670
3392	3413	137	1867	3633
3392	3413	137	1866	3650
3392	3413	137	1864	3670
3392	3413	137	1879	3637
3392	3413	137	1875	3617
3392	3413	137	1878	3672
3392	3413	137	1877	3657
3392	3413	137	1888	3623
3392	3413	137	1898	3646
3392	3413	137	1893	3663
3392	3413	137	1901	3675
3392	3413	137	1907	3663
