TASK_GROUP	TASK_ID_FIRST	TASK_ID_LAST	TASK_NAME	TASK_OVERDATE	SYNC_FLAG	CLIENT_FLAG	TASK_DESCRIBE
分组ID（ID占用不连续请空行）	开始ID	结束ID	任务名称	过期年月日(20091010)	0：不同步，1：同步到客户端	0:不可；1:客户端可决定	任务描述
0			兼容旧脚本				
0	2389	2389	江湖威望保存		0	0	
0	2341	2341	帮会贡献度		1	0	
0	2342	2342	玩家领取周贡献度奖励的时间		1	0	
0	2042	2042	百炼丹道具的使用次数		0	0	
0	2043	2043	最近一次申请关闭帐号锁的时间(废除)		1	0	
0	2046	2046	被抓进桃源天牢的时间				
0	2047	2047	在桃源天牢呆多久				
0	2080	2080	技能随机种子		1	0	
0	3000	3000	查BUG用				
1			*危险地带，别用也别删*		0	0	
2	1	1	角色洗点标志		1	0	
3	1	21	快捷栏纪录(第21号按位从低到高每3位标志着对应快捷方式的类型)		1	1	
4	1	13	技能快捷栏纪录(每4位对应一项记录 ) 高位用来存当前显示技能		1	1	
5			离线托管		0	0	
5	1	4	离线托管记录白驹丸时间		1	0	
5	18	18	某天已使用的离线托管时间		1		
5	23	23	给合服玩家补偿离线托管时间之后是否再次领取补偿的标记		0	0	
5	24	24	领取合服奖励的时间		0	0	
6	1	100	门派任务链（备份）		1	0	
6	101	101	已通过老包领取的威望数		1	0	
7			转门派、门派多修相关		1		
8			门派多修备份数据-门派1		1	0	
9			门派多修备份数据-门派2		1	0	
10			门派多修备份数据-门派3		1	0	
11			门派多修备份数据-门派4		1	0	
12			门派多修备份数据-门派5		1	0	
13			门派多修备份数据-门派6		1	0	
14			门派多修备份数据-门派7		1	0	
15			门派多修备份数据-门派8		1	0	
16			门派多修备份数据-门派9		1	0	
17			门派多修备份数据-门派10		1	0	
18			门派多修备份数据-门派11		1	0	
19			门派多修备份数据-门派12		1	0	
20			门派多修备份数据-门派13		1	0	
31			门派多修备份数据-五行1		1	0	
32			门派多修备份数据-五行2		1	0	
33			门派多修备份数据-五行3		1	0	
34			门派多修备份数据-五行4		1	0	
35			门派多修备份数据-五行5		1	0	
1000			任务引擎任务完成标记				
1001			任务引擎-任务1				
1002			任务引擎-任务2				
1003			任务引擎-任务3				
1004			任务引擎-任务4				
1005			任务引擎-任务5				
1006			任务引擎-任务6				
1007			任务引擎-任务7				
1008			任务引擎-任务8				
1009			任务引擎-任务9				
1010			任务引擎-任务10				
1011			任务引擎-任务11				
1012			任务引擎-任务12				
1013			任务引擎-任务13				
1014			任务引擎-任务14				
1015			任务引擎-任务15				
1016			任务引擎-任务16				
1017			任务引擎-任务17				
1018			任务引擎-任务18				
1019			任务引擎-任务19				
1020			任务引擎-任务20				
1021	1	1	使用神秘家书的个数		1		
1021	2	2	是否经过陈碧娘的指导		1		
1021	3	3	是否做过门派任务		1		
1021	4	4	置值为1则表示已经完成了十大门派掌门处的教育任务，可以继续做新手村教育任务了		1		
1021	5	5	置值为1则表示教育任务身世之谜的子任务奇珍之谜已完成，可以接进入3条主线的教育任务了		1		
1021	6	6	新手第一次进入游戏会给他一个任务		1		
1021	7	7	陈璧娘的门派路线推荐		1		
1021	8	8	是否做了教育任务结束推荐三个路线的选择		1		
1022	1	1	地牢		1		
1022	2	2	裴翼飞房间		1		
1022	3	3	裘止水房间		1		
1022	4	4	商人头领房间		1		
1022	5	5	神秘小径		1		
1022	6	6	刑天岭		1		
1022	7	7	主营房		1		
1022	8	8	船舱2层		1		
1022	9	9	船舱3层		1		
1022	10	10	结绳码头船夫传送		1		
1022	11	11	天王to丐帮		1		
1022	12	12	丐帮接到主线		1		
1022	13	13	镜月岩传送		1		
1022	14	14	白山石场		1		
1022	15	15	猛虎巷		1		
1022	16	16	藏云轩		1		
1022	17	17	滴水洞		1		
1022	18	18	猴岛		1		
1022	19	19	柳鬼		1		
1022	20	20	听涛阁		1		
1022	21	21	外冢		1		
1022	22	22	鹰隼角		1		
1022	23	23	丐帮to五毒		1		
1022	24	24	五毒男女主线分支		1		
1022	25	25	群雄宴室内		1		
1022	26	26	鱼藏锋房间		1		
1022	27	27	殷方		1		
1022	28	28	殷童		1		
1022	29	29	勿归谷		1		
1022	30	30	甘露谷		1		
1022	31	31	定陶岭		1		
1022	32	32	女巫首领		1		
1022	33	33	葛霞岭		1		
1022	34	34	闭月山塘		1		
1022	35	35	行在内营		1		
1022	36	36	慈云庵		1		
1022	37	37	仇雪卧室		1		
1022	38	38	见雪亭		1		
1022	39	39	吴曦传送		1		
1022	40	40	后山小径		1		
1022	41	41	峨嵋to唐门		1		
1022	42	42	唐门接到主线		1		
1022	43	43	西厢		1		
1022	44	44	正厅		1		
1022	45	45	拙者居		1		
1022	46	46	布衣阁		1		
1022	47	47	见龙洞		1		
1022	48	48	猎场		1		
1022	49	49	唐门to翠烟门		1		
1022	50	50	翠烟门接到主线		1		
1022	51	51	春梅雅筑		1		
1022	52	52	春梅雅筑后宅		1		
1022	53	53	馆驿		1		
1022	54	54	馆驿后院		1		
1022	55	55	品荷塘		1		
1022	56	56	下层阵法		1		
1022	57	57	飘萍剑客		1		
1022	58	58	耶律仇		1		
1022	59	59	昆仑to武当		1		
1022	60	60	武当派接到主线		1		
1022	61	61	解剑池		1		
1022	62	62	青虚真室		1		
1022	63	63	陶永昌居所		1		
1022	64	64	魏长风居所		1		
1022	65	65	云麓水居		1		
1022	66	66	王重阳		1		
1022	67	67	武当to少林		1		
1022	68	68	少林派接到主线		1		
1022	69	69	回风角草堂		1		
1022	70	70	金刚岭		1		
1022	71	71	澄惠粥铺		1		
1022	72	72	少林to天忍		1		
1022	73	73	天忍教接到主线		1		
1022	74	74	兀萨居所		1		
1022	75	75	天刑殿		1		
1022	76	76	鱼藏锋传送		1		
1022	77	77	姬铸传送问心		1		
1022	78	78	钟灵秀传送玄月		1		
1022	79	79	石轩辕传送		1		
1022	80	80	守门童子传送蛇洞		1		
1022	81	81	石碑传送1		1		
1022	82	82	石碑传送2		1		
1022	83	83	石碑传送3		1		
1022	84	84	区域任务限制		1		
1022	85	85	天王LC任务		1		
1022	86	86	香螺花		1		
1022	87	87	天王弟子的委托		1		
1022	88	88	鳄鱼之灾		1		
1022	89	89	如意的嫁妆		1		
1022	90	90	行商护卫		1		
1022	91	91	峨嵋LC任务		1		
1022	92	92	三万只恶猿		1		
1022	93	93	唐门LC任务		1		
1022	94	94	物是人非		1		
1022	95	95	皮甲衣		1		
1022	96	96	虎穴迷踪		1		
1022	97	97	橡实		1		
1022	98	98	夺回法器		1		
1022	99	99	共抗官军		1		
1022	100	100	螳螂拳师		1		
1022	101	101	影社英灵		1		
1022	102	102	机关兽骨		1		
1022	103	103	惩治囚犯		1		
1022	104	104	草船借箭		1		
1022	105	105	无辜山民		1		
1022	106	106	春蚕新丝		1		
1022	107	107	奖励补发判定		1		
1022	108	108	主线任务区域选择		1		
1022	109	109	神州往事		1		
1022	110	110	柳青青		1		
1022	111	111	大马虎		1		
1022	112	112	九绝剑魔		1		
1022	113	113	刘铁匠		1		
1022	114	114	知春台		1		
1022	115	115	藏剑山庄		1		
1022	116	116	义军精英令牌		1		
1022	117	117	兵书/机关术书		1		
1022	118	118	90兵书日常		1		
1022	119	119	90兵书完成变量		1		
1022	120	120	90机关书完成变量		1		
1022	121	121	扩展区域任务完成数量统计		1		
1022	122	122	90-91		1		
1022	123	123	91-92		1		
1022	124	124	92-93		1		
1022	125	125	93-94		1		
1022	126	126	94-95		1		
1022	127	127	95-96		1		
1022	128	128	96-97		1		
1022	129	129	97-98		1		
1022	130	130	98-99		1		
1022	131	131	90机关书日常		1		
1022	132	132	90军饷袋日常		1		
1022	133	133	90军饷袋完成变量		1		
1022	134	134	朱熹讲学地图		1		
1022	135	135	彭龟年后院		1		
1022	136	136	副本随机任务控制		1		
1022	137	137	赵府入门判断		1		
1022	138	138	赵府2出门判断		1		
1022	139	139	朱府2出门去沈府		1		
1022	140	140	沈府密室		1		
1022	141	141	朱府入门判断		1		
1022	142	142	100-101		1		
1022	143	143	101-102		1		
1022	144	144	102-103		1		
1022	145	145	103-104		1		
1022	146	146	104-105		1		
1022	147	147	105-106		1		
1022	148	148	106-107		1		
1022	149	149	107-108		1		
1022	150	150	108-109		1		
1022	151	151	长歌门细作房间		1		
1022	152	152	朱熹密室入口		1		
1022	153	153	韩府		1		
1022	154	154	窦昊传送		1		
1022	155	155	110-111		1		
1022	156	156	111-112		1		
1022	157	157	112-113		1		
1022	158	158	113-114		1		
1022	159	159	114-115		1		
1022	160	160	115-116		1		
1022	161	161	116-117		1		
1022	162	162	117-118		1		
1022	163	163	118-119		1		
1022	164	164	110兵书日常		1		
1022	165	165	110兵书完成		1		
1022	166	166	110机关书日常		1		
1022	167	167	110机关书完成		1		
1022	168	168	90-100等级段连接		1		
1022	169	169	100-110等级段连接		1		
1022	170	170	110-120等级段连接		1		
1022	171	171	110军饷袋日常		1		
1022	172	172	110军饷袋完成变量		1		
1022	173	173	师徒传功任务可接条件		1		
1022	174	174	传功任务周次数限制		1		
1022	175	175	120-130等级段连接		1		
1022	176	176	海陵王墓_任务控制		1		
1022	177	177	海陵王墓_隐藏区域1		1		
1022	178	178	海陵王墓_隐藏区域2		1		
1022	179	179	海陵王墓_隐藏区域3		1		
1022	180	180	扩展区任务次数限制		1		
1022	181	181	130兵书日常		1		
1022	182	182	130兵书完成		1		
1022	183	183	130机关书日常		1		
1022	184	184	130机关书完成		1		
1022	185	185	130军饷袋日常		1		
1022	186	186	130军饷袋完成变量		1		
1022	187	187	军营探索任务控制		1		
1022	188	188	20级门派任务互斥控制		1		
1022	189	189	30级门派任务互斥控制		1		
1022	190	190	40级门派任务互斥控制		1		
1022	200	202	四次任务记录		1		
1022	203	203	少林110级技能控制		1		
1022	204	204	天王110级技能控制		1		
1022	205	205	唐门110级技能控制		1		
1022	206	206	五毒110级技能控制		1		
1022	207	207	峨嵋110级技能控制		1		
1022	208	208	翠烟110级技能控制		1		
1022	209	209	丐帮110级技能控制		1		
1022	210	210	天忍110级技能控制		1		
1022	211	211	武当110级技能控制		1		
1022	212	212	昆仑110级技能控制		1		
1022	213	213	明教110级技能控制		1		
1022	214	214	段氏110级技能控制		1		
1022	215	215	记录是否完成升级110技能所需要的任务，每个门派占用一位		1		
1022	216	216	了解红娘1		1		
1022	217	217	了解红娘2		1		
1022	218	218	了解红娘3		1		
1022	219	219	了解红娘4		1		
1022	220	220	了解红娘5		1		
1022	221	221	了解红娘6		1		
1022	222	222	分别领取12门派路线的技能体验		1		
1022	223	223	添加好友，好友亲密度2级		1		
1022	224	224	成为家族记名成员，领取周奖励		1		
1022	225	225	玩家在12门派的任务中		1		
1022	226	226	10月拉新任务可见可接条件		1		
1022	227	227	6种礼包任务变量判断1-6		1		
1022	228	228	完成采石矶第一阶段周常		1		
1022	229	229	采石矶第一阶段周常次数控制		1		
1022	230	230	采石矶第二阶段周常次数控制		1		
1022	231	231	完成采石矶第二阶段周常		1		
1022	232	232	周常控制，接取任务两个任务互斥		1		
1022	233	233	周常第一任务识别变量		1		
1022	234	234	周常进阶任务识别变量		1		
1022	235	235	江南联中原		1		
1022	236	236	中原联西南		1		
1022	237	237	江南开始		1		
1022	238	238	趣味/家族竞技		1		
1022	239	239	本日进行西夏任务标识		1		
1022	240	240	西夏军需任务识别		1		
1022	241	241	西夏选择任务数量控制		1		
1022	242	242	西夏过渡任务完成识别		1		
1022	243	243	西夏普通任务完成识别1		1		
1022	244	244	西夏普通任务完成识别2		1		
1022	245	245	西夏普通任务完成识别3		1		
1022	246	246	西夏普通任务完成识别4		1		
1022	247	247	西夏普通任务完成识别5		1		
1022	248	248	西夏普通任务完成识别6		1		
1022	249	249	西夏普通任务进行识别1		1		
1022	250	250	西夏普通任务进行识别2		1		
1022	251	251	西夏普通任务进行识别3		1		
1022	252	252	西夏普通任务进行识别4		1		
1022	253	253	西夏普通任务进行识别5		1		
1022	254	254	西夏普通任务进行识别6		1		
1022	255	255	西夏高级任务完成1		1		
1022	256	256	西夏高级任务完成2		1		
1022	257	257	西夏高级任务完成3		1		
1022	258	258	西夏高级任务完成4		1		
1022	259	259	西夏高级任务完成5		1		
1022	260	260	本日进行蒙古任务标识		1		
1022	261	261	蒙古军需任务完成		1		
1022	262	262	蒙古选择任务数量控制		1		
1022	263	263	蒙古过渡任务完成识别		1		
1022	264	264	蒙古普通任务完成识别1		1		
1022	265	265	蒙古普通任务完成识别2		1		
1022	266	266	蒙古普通任务完成识别3		1		
1022	267	267	蒙古普通任务完成识别4		1		
1022	268	268	蒙古普通任务完成识别5		1		
1022	269	269	蒙古普通任务完成识别6		1		
1022	270	270	蒙古普通任务进行识别1		1		
1022	271	271	蒙古普通任务进行识别2		1		
1022	272	272	蒙古普通任务进行识别3		1		
1022	273	273	蒙古普通任务进行识别4		1		
1022	274	274	蒙古普通任务进行识别5		1		
1022	275	275	蒙古普通任务进行识别6		1		
1022	276	276	蒙古高级任务完成1		1		
1022	277	277	蒙古高级任务完成2		1		
1022	278	278	蒙古高级任务完成3		1		
1022	279	279	蒙古高级任务完成4		1		
1022	280	280	蒙古高级任务完成5		1		
1023	1	1	修炼系统的最后更新时间		1	0	
1023	2	2	修炼系统的剩余累积时间，单位：小时乘10		1	0	
1023	3	3	修炼系统的经验加倍剩余值（程序绑定）		1	0	
1023	4	4	秘籍系统的剩余修炼量		1	0	
1023	5	5	回归老玩家还能领取的修炼时间		1	0	
1023	6	6	回归老玩家是否开始领取奖励的修炼时间		1	0	
1023	7	7	修炼时间额外赠送		1	0	
1024	1	1	寇锐小屋trap判断		1		
1024	2	2	峡谷入口判断		1		
1024	3	3	太祖宝库入口判断		1		
1024	4	4	武当仓库的门口判断		1		
1024	5	5	少林知客房入口判断		1		
1024	6	6	少林知客房出口判断		1		
1024	7	7	临安太后房间入口判断				
1024	8	8	太后囚所TRAP判断				
1024	9	9	柔娥门口trap判断				
1024	10	10	蛊女门口trap				
1024	11	11	大理刀皇后门口标记2为不能进				
1024	12	12	点苍山铸剑山谷门口trap点判断				
1024	13	13	梅一支门口trap点判断				
1024	14	14	大理密道trap判断				
1024	15	15	剑阁蜀道丸峰入口trap				
1024	16	16	九嶷溪韩忠囚房的trap				
1024	17	17	九嶷溪娄一关门口trap				
1024	18	18	唐门别院trap判断				
1024	19	19	大散关trap判断				
1024	20	20	愚叟后院trap判断				
1024	21	21	太后銮驾trap判断				
1024	22	22	龙脉密室trap判断				
1024	23	23	怪老头密室trap判断				
1024	24	24	多摩门口判断				
1024	25	25	51-60级主线中原区领取需求		1		
1024	26	26	51-60级主线江南区领取需求		1		
1024	27	27	51-60级主线西南区领取需求		1		
1024	28	28	61-70级主线中原区领取需求		1		
1024	29	29	61-70级主线江南区领取需求		1		
1024	30	30	61-70级主线西南区领取需求		1		
1024	31	31	71-80级主线西南区领取需求		1		
1024	32	32	71-80级主线江南区领取需求		1		
1024	33	33	71-80级主线中原区领取需求		1		
1024	34	34	81-90级主线中原区领取需求		1		
1024	35	35	81-90级主线西南区领取需求		1		
1024	36	36	81-90级主线江南区领取需求		1		
1024	37	37	龙王庙判断				
1024	38	38	灵隐寺判断				
1024	39	39	小春子		1		
1024	50	50	备战任务		1		
1024	51	51	副本任务限制		1		
1024	52	52	剧情任务限制		1		
1024	53	53	伏牛山扩展区任务		1		
1024	54	54	伏牛山后山扩展区任务每周限制		1		
1024	55	55	伏牛山庄旧址任务		1		
1024	56	56	扩展4任务冲突		1		
1024	57	57	机关术心得书上限		1		
1024	58	58	百蛮山扩展区领取任务数量上限		1		
1024	59	59	百蛮山初级任务日常剧情互斥变量		1		
1024	60	60	百蛮山中级任务日常剧情互斥变量		1		
1024	61	61	百蛮山扩展区领取任务限制		1		
1024	62	62	授予仪式判断		1		
1024	63	63	同伴捕捉判断		1		
1024	64	64	同伴等级提升判断		1		
1024	65	65	同伴技能等级提升判断				
1024	66	66	同伴悟性判断		1		
1024	67	67	龙影珠1		1		
1024	68	68	龙影珠2		1		
1025	1	1	春节大拜年任务限制变量		1		
1025	2	2	130-139主线任务完成		1		
1025	3	3	135主线任务如火如荼		1		
1025	4	4	135主线任务抢渡涟水		1		
1025	5	5	135主线任务声东击西		1		
1025	6	6	135主线任务舍生取义		1		
1025	7	7	135主线任务似曾相识		1		
1025	8	8	135主线任务不如怀念		1		
1025	9	9	135主线任务白府童梦		1		
1025	10	10	135主线任务山寨情缘		1		
1025	11	11	135主线任务身世迷踪		1		
1025	12	12	135主线任务游龙再现		1		
1025	13	13	135主线任务侠骨柔情		1		
1025	14	14	虎年大拜年任务限制变量		1		
1025	15	15	为灾区人民祈愿活动平安香				
1025	16	16	为灾区人民祈愿活动				
1025	17	17	铁浮城城主任务完成变量		1		
1025	18	18	铁浮城城主护卫任务完成变量		1		
1025	19	19	任务交东西变量		1		
1025	20	20	同伴转化成真元步骤完成变量		1		
1025	21	21	真元参加历练步骤完成变量		1		
1025	22	22	真元参加修炼步骤完成变量		1		
1025	23	23	真元炼化成功步骤完成		1		
1025	24	24	2010七夕任务变量		1		
1025	25	25	20级剧情任务第1步完成变量		1		
1025	26	26	20级剧情任务第2步完成变量		1		
1025	27	27	20级剧情任务第3步完成变量		1		
1025	28	28	20级剧情任务第4步完成变量		1		
1025	29	29	20级剧情任务第5步完成变量		1		
1025	30	30	20级剧情任务第6步完成变量		1		
1025	31	31	20级剧情任务第7步完成变量		1		
1025	32	32	20级剧情任务第8步完成变量		1		
1025	33	33	10级剧情任务变量		1		
1025	34	34	10级剧情任务变量		1		
1025	35	35	10级剧情任务变量		1		
1025	36	36	10级剧情任务变量		1		
1025	37	37	10级剧情任务变量		1		
1025	38	38	10级剧情任务变量		1		
1025	39	39	10级剧情任务变量		1		
1025	40	40	10级剧情任务变量		1		
1025	41	41	10级剧情任务变量		1		
1025	42	42	10级剧情任务变量		1		
1025	43	43	10级剧情任务变量		1		
1025	44	44	10级剧情任务变量		1		
1025	45	45	10级剧情任务变量		1		
1025	46	46	新手教育任务变量		1		
1025	47	47	入门派变量		1		
1025	48	48	10级灭火任务变量		1		
1025	49	49	10级采草任务变量		1		
1025	50	50	20级剧情任务完成变量		1		
1025	51	51	20级剧情任务完成变量		1		
1025	52	52	20级剧情任务完成变量		1		
1025	53	53	20级剧情任务完成变量		1		
1025	54	54	军营无尽的征程额伦河源		1		
1025	55	55	占位		1		
1025	56	56	占位		1		
1025	57	57	鄂伦河原第一关完成		1		
1025	58	58	鄂伦河原套马场完成		1		
1025	59	59	鄂伦河原狩猎场完成		1		
1025	60	60	鄂伦河原挑战铁木真完成		1		
1025	61	61	鄂伦河原完成变量		1		
1025	62	62	军营可用次数		1		
1025	63	63	累加次数日期		1		
1025	64	64	新伏牛山任务控制		1		
1025	65	65	新百蛮任务控制		1		
1025	66	66	新海陵王任务控制		1		
1025	67	67	鄂伦河原任务控制		1		
1025	68	68	新无尽的征程两次鄂伦河原控制		1		
1025	69	69	80级无尽的征程控制		1		
1025	70	70	90级无尽的征程控制		1		
1025	71	71	100级无尽的征程控制		1		
1025	72	72	鄂伦河原击败木华黎		1		
1025	73	73	鄂伦河原击败拖雷		1		
1025	74	74	鄂伦河原击败大祭祀		1		
1025	75	75	龙魂侠影任务完成变量		1		
1025	76	76	辰虫旧事任务完成		1		
1025	77	77	皇陵日常任务完成		1		
1025	78	78	皇陵日常任务5次累计变量		1		
1025	79	79	看热闹		1		
1025	80	80	爆炸		1		
1025	81	81	演戏		1		
1025	82	82	演戏保护		1		
1025	83	83	新手村乘船保护		1		
1025	84	84	青螺岛战国任务		1		
1025	85	85	古墓日常逍遥完成		1		
1025	86	86	古墓日常逍遥5次累计变量		1		
1025	87	87	时光殿每周完成1次		1		
1025	88	88	辰虫镇每周完成1次		1		
1025	89	89	逍遥谷		1		
1025	90	90	藏宝图		1		
1025	91	91	青螺岛任务完成		1		
1025	92	92	25级新手村过渡任务完成		1		
1025	109	109	Nhiem vu Co Mo		1		
1026	1	1	宝石任务之普通打孔				
1026	2	2	宝石任务之镶嵌宝石				
1026	3	3	宝石任务打特殊孔				
1026	4	4	宝石任务完成不能重复接取				
1027	52	53	军营任务参加次数统计使用				
2000	1	1	大牢系统-探监状态				
2000	2	2	大牢系统-洗PK剩余Timer时间				
2000	3	3	天牢系统坐牢剩余时间,时间单位（分钟）				
2000	4	4	禁言功能		1		
2000	5	5	禁止客户端操作		1		
2000	6	6	客户端屏蔽其他玩家显示		1	0	
2001			宋金系统占用，暂不详				
2001	9	9	宋金战场的军需点		1		
2001	12	12	宋金战场玩家没有获得令牌的标记		1		
2001	13	13	宋金战场福袋获得标记		1		
2002	1	1	辉煌之果的使用日期		1		
2002	2	2	辉煌之果每天使用次数		1		
2002	3	3	黄金之果使用时间		1		
2002	4	4	黄金之果使用次数（废除）				
2002	5	5	辉煌之国威望周上限		1		
2003	1	1000	玩家行为统计记录				
2004	1	1	每日触发事件				
2004	1	2	每周触发事件				
2004	1	3	每月触发事件				
2005	1	1	临时加精力活力点				
2006	1	1	心得书每日可以使用的上限		1		
2006	2	2	是否正在使用心得书修炼				
2006	3	3	积累升级经验				
2007	1	1	慈悲心经-记录一天当中使用的慈悲心经的数量				
2008	1	50	公平子擂台占用				
2009	1	1	白虎堂PK次数		1	0	
2009	2	2	白虎堂威望周上限		1		
2009	3	3	白虎堂令牌周使用次数上限				
2009	4	4	白虎堂令牌周数记录				
2009	5	5	白虎堂额外PK次数		1	0	
2009	6	6	白虎堂时间戳		1	0	
2010	1	1	藏宝图玩家挖掘等级				
2011	1	1	洗髓岛的洗髓令牌需要使用次数				
2011	15	18	洗髓岛任务变量				
2012	1	10	猜灯谜语		1		
2013	1	4	福袋使用次数		1		
2013	1	7	通用补充修炼时间		1		
2013	5	7	合服之后子服务器玩家额外领取福袋的次数和标志		0	0	
2014	1	1	怒气使用		1		
2015	1	1	野艘任务威望周上限		1		
2015	2	11	江湖威望上限		1		
2015	12	400	藏宝图使用		1		
2015	1001	1009	野艘任务存储随机数		1		
2015	1010	1020	江湖威望上限(扩充，以后需要扩充在此基础上扩充)				
2015	1021	1021	江湖威望上限(家族趣味竞技)				
2016	1	5	门派竞技场		1		
2017	1	3	门派选举				
2018			帮助锦囊-静态最新消息激活时间		1	0	 -
2019			帮助锦囊-静态最新消息阅读标记,bit型		1	1	
2020			帮助锦囊-动态最新消息阅读标记,bit型		1	1	
2021			题库组,bit型		1	0	
2022	1	5	交易税		1		
2023	1	1	公测邮件通知				
2023	2	2	防盗号邮件				
2023	3	3	临时调整特别公告				
2023	4	4	反外挂邮件通知				
2023	5	5	发放五行印				
2023	6	6	庆元宵，玩家回馈活动				
2023	7	7	威望领取福利提示邮件				
2023	8	8	运营平台全服玩家发邮件				
2024	1	1	(小类型)精气散每天限制使用5个,记录天		1		
2024	2	2	(小类型)精气散每天限制使用5个,记录个数		1		
2024	3	3	(小类型)活力散每天限制使用5个,记录天		1		
2024	4	4	(小类型)活力散每天限制使用5个,记录个数		1		
2024	5	5	(中类型)精气散每天限制使用5个,记录天		1		
2024	6	6	(中类型)精气散每天限制使用5个,记录个数		1		
2024	7	7	(中类型)活力散每天限制使用5个,记录天		1		
2024	8	8	(中类型)活力散每天限制使用5个,记录个数		1		
2024	9	9	(小类型)精气散优惠领取每天限制5个,记录天		1		
2024	10	10	(小类型)精气散优惠领取每天限制5个,记录个数		1		
2024	11	11	(小类型)活力散优惠领取每天限制5个,记录天		1		
2024	12	12	(小类型)活力散优惠领取每天限制5个,记录个数		1		
2024	13	13	(大类型)精气散每天限制5个,记录天		1		
2024	14	14	(大类型)精气散每天限制5个,记录个数		1		
2024	15	15	(大类型)活力散每天限制5个,记录天		1		
2024	16	16	(大类型)活力散每天限制5个,记录个数		1		
2024	17	17	使用扩展箱分页类型		1		
2024	18	19	修炼丹使用限制		0		
2024	20	20	小精气散额外使用次数		1		
2024	21	21	小活气散额外使用次数		1		
2024	22	22	使用扩展箱分页类型		1		
2024	23	23	福利精活小精气散购买次数		1		
2024	24	24	福利精活小活气散购买次数		1		
2024	25	25	弹一次标记		1		
2024	26	26	Phúc lợi tinh hoạt (trung)		1		
2024	27	27	Phúc lợi tinh hoạt (đại)		1		
2025	1	1	绑定金币		1		
2025	2	2	机关耐久度		1		
2026			活动系统使用		1	0	
2027	1	1	紧急更新使用(2008.05.23)		1	0	
2027	2	2	封测发奖活动使用(2008.06.06到2008.07.06)				
2027	3	3	移民奖励领取使用(2008.06.24到2008.06.30)				
2027	4	8	推荐服务器使用登记和各等级段的奖励领取。		1	0	
2027	9	9	紧急更新使用(2008.08.12)(时间轴错误开启补偿使用)		1	0	
2027	10	10	普通物品金钱补偿使用		1	0	
2027	11	19	新手卡奖励，内测玩家反馈奖励				
2027	20	23	金山20周年活动		1	0	
2027	24	27	2008圣诞元旦活动		1	0	
2027	28	50	2009元宵节活动		1	0	
2027	51	51	2009元宵节活动-打雪仗		1	0	
2027	52	54	充值领取江湖威望令牌		1	0	
2027	55	55	充值领取江湖威望令牌具体数值		1	0	
2027	56	65	2009植树节				
2027	66	66	补偿1小时基准经验(2009.04.13到200904.15)	20090515			
2027	67	67	军营探索初始任务变量修正标志	20090609			
2027	68	68	福利版工资领取		1		
2027	69	69	09新版剑侠世界推广员系统领奖标志				
2027	70	70	可以用金币购买和氏壁的次数				
2027	71	72	使用盛夏幸运蛋				
2027	73	73	联想合作礼包激活标记		1	0	
2027	74	74	联想合作礼包物品领取标记		1	0	
2027	75	75	领取江湖威望激活角色		1	0	
2027	76	76	百事合作礼包激活标记		1	0	
2027	77	77	百事合作礼包物品领取标记		1	0	
2027	80	81	武林世家新手礼包				
2027	82	88	武林世家腰牌    				
2027	89	89	中秋月满西楼月饼食用次数(最多100个)    		1	0	
2027	90	90	辅修令牌使用间隔				
2027	91	91	和氏壁增加次数时间(两次时间间隔超过20天清0)				
2027	92	92	戴尔合作礼包激活标记		1	0	
2027	93	93	戴尔合作礼包物品领取标记		1	0	
2027	94	100	2009圣诞元旦活动		1	0	
2027	101	112	越南6月植树		1	0	
2027	113	113	经验新道具每日使用数量		1	0	
2027	114	153	2010年世界杯活动		1	0	
2027	154	154	可以用金币购买武林英雄令牌的次数				
2027	155	155	武林英雄令牌增加次数时间(两次时间间隔超过20天清0)				
2027	156	157	激活充值		1	0	
2027	157	157	可以用金币购买盛夏徽章的次数				
2027	158	158	盛夏徽章增加次数时间(两次时间间隔超过20天清0)				
2027	159	159	可以用金币购买精华液的次数				
2027	160	160	精华液增加次数时间(两次时间间隔超过20天清0)				
2027	161	161	可以用金币购买和氏璧的次数				
2027	162	162	和氏璧增加次数时间(两次时间间隔超过20天清0)				
2027	163	168	越南9月植树__有冲突慎用		1	0	
2027	164	164	可以用金币购买白玉的次数__与越南版有冲突				
2027	165	165	白玉增加次数时间(两次时间间隔超过20天清0)__与越南版有冲突				
2027	169	173	2010年大陆国庆活动		1	0	
2027	174	176	资料片新功能开放奖励		1	0	
2027	177	177	圣诞节开箱子个数		1	0	
2027	178	189	越南添加购买道具资格		1	0	
2027	190	192	春节年兽活动		1	0	
2027	193	194	24格背包购买次数		1	0	
2027	195	202	越南添加购买道具资格		1	0	
2027	203	204	雪魂令次数		1	0	
2027	205	210	越南添加购买道具资格		1	0	
2027	211	219	端午活动	20110615		1	0
2027	220	221	第四页储物箱		1	0	
2027	222	223	4折精气散（小）x5		1	0	
2027	224	225	4折活气散（小）x5		1	0	
2027	226	227	8月充值极品真元箱		1	0	
2027	228	229	10月充值雷霆印碎片		1	0	
2027	230	230	传回灵秀村标记		0	0	
2027	231	238	推广员优惠购买资格		0	0	
2027	239	239	网银积分累加		0	0	
2027	240	240	网银积分累计清零		0	0	
2027	241	241	领取网银奖励标记		0	0	
2027	242	242	网银充值特权激活标志		0	0	
2027	243	244	连斩记录		0	0	
2027	245	251	2012七夕活动	20120915	1	0	
2028	1	3	家族斗场副本		1	0	
2028	4	4	记录本日参加宋金的时间		1	0	
2028	5	5	参加家族战总场次		1	0	
2028	6	6	最近一次家族战杀人数		1	0	
2028	7	7	最近一次家族战最大连斩		1	0	
2028	8	8	家族战总杀人数		1	0	
2028	9	9	单场最多杀人数		1	0	
2028	10	10	单场最大连斩		1	0	
2028	11	11	家族古金币变量		1	0	
2028	12	12	上次领取家族药箱的时间				
2028	13	13	高级家族关卡时间（占位）		1	0	
2029	1	1	上线重置技能点		1	1	
2029	2	2	上线重置技能点		1	1	
2029	3	3	上线重置状态恢复宕机导致的状态锁		0	0	
2030	1	4	传声海螺使用		0	0	1:上次公聊的日期，YYYYMMDD; 2:付费次数*1000+免费次数; 3:上次聊天的级别; 4:跨服聊天次数
2031	1	1	重复任务能接次数		1		
2032	1	1	摆摊许可证,可摆摊的累加时间		1		
2033	1	1	绑定银两		1		
2034	1	1	金币消费总量				
2034	2	2	金币消耗积分				
2034	3	3	金币消耗月份				
2034	4	4	当月金币消耗累计				
2034	5	5	促销活动，累积消费金币数量		1		
2034	6	6	消费满500金币返回100绑定金币，领过次数		1		
2034	7	7	上个月领过返回绑定金币数是否可清空过				
2034	8	8	盛大玩家当月消费金币数额				
2034	9	9	盛大玩家消费金币的月份				
2034	10	10	新手礼包		1	0	
2034	11	11	绑银返还		1	0	
2035			保存动态消息		1	1	
2036	1	23	商会任务		1	0	
2037	1	40	收集卡片活动		1	0	
2038	1	1	烟花活动	20090701			
2038	2	5	公测活动	20090701			
2038	6	8	累计充值达48，每天可额外领取30分钟4倍时间,传送符,乾坤符		1		
2038	9	9	2009盛夏烟花活动	20090901			
2038	10	11	累积充值满15，每天可以领取5个对应等级的菜		1		
2039	1	4	百家评选	20090701			
2039	5	9	2009盛夏百家评选	20091001			
2040	1	4	官府通缉任务		1	0	
2040	5	5	初级武林秘籍		1	0	
2040	6	6	初级洗髓经		1	0	
2040	7	7	官府通缉任务－标志打死任务怪掉落物品		1	0	
2040	8	8	中级武林秘籍		1	0	
2040	9	9	中级洗髓经		1	0	
2040	10	10	高级武林秘籍(什锦百果粽)		1	0	
2040	11	11	高级洗髓经(八宝粽)		1	0	
2040	12	18	4倍地图		1	0	
2040	20	20	彩云追月(加潜能点)		1	0	
2040	21	21	沧海月明(加技能点)		1	0	
2040	22	23	官府通缉		1	0	
2041			保存荣誉值		1	0	
2042			保存荣誉排名		1	0	注：这个任务变量是临时的，之后可能会删
2043	1	101	军营任务		1	0	
2044	1	11	军营道具		1	0	
2045	1	100	用于体验服务器				
2046	1	2	中秋活动		1	0	
2047	1	14	王老吉活动				
2048	1	1	家族副本 每天参加次数				
2048	2	2	门派竞技 每天参加次数				
2048	3	3	挖宝参加 每天参加次数				
2048	4	4	官府通缉任务 每天参加次数 				
2048	5	5	花灯猜谜 每天参加次数 				
2048	6	6	宋金参加次数				
2048	7	7	生活技能加工总经验				
2048	8	8	生活技能制造总经验				
2049			祈福系统		1	0	
2050	1	5	逍遥谷闯关		1		
2050	20	40	逍遥谷挑战（卡片）		1		
2050	41	50	逍遥谷挑战				
2050	51	52	兑换非绑银		1	0	
2050	53	53	每天获取免费逍遥谷药品		1		
2050	54	54	当前逍遥谷难度		1		
2050	55	65	逍遥谷积分		1		
2050	66	70	逍遥还神丹		1		
2051			体服基类分支使用				
2052	1	8	武林联赛				
2052	9	20	武林联赛同步客户端		1	0	
2052	21	23	武林大会英雄令兑换标记占位		1	0	
2053	1	27	本周装备财富				
2054	1	1	上次刷新荣誉值时间		0	0	
2054	2	2	储存武林荣誉等级		1	0	
2054	3	3	储存领袖荣誉等级		1	0	
2054	4	4	储存财富荣誉等级		1	0	
2054	5	5	剥离累计价值量		1	0	
2054	6	6	激活同伴价值量		1	0	
2054	7	7	剥离累计价值量高位记录		1	0	
2055	1	1	玩家在钱庄存取的金币总量		1		
2055	2	2	玩家在钱庄存取的银两总量		1	0	
2055	3	3	玩家的当前金币支取上限		1	0	
2055	4	4	玩家的当前银两支取上限		1	0	
2055	5	5	金币支取上限生效日期		1	0	
2055	6	6	银两支取上限生效日期		1	0	
2055	7	7	未生效的金币支取上限		1	0	
2055	8	8	未生效的银两支取上限		1	0	
2055	9	9	不足一绑金的记录		0	0	
2055	10	10	不足一绑银的记录		0	0	
2055	11	11	从银行取出金币日期		0	0	
2055	12	12	当天取出金币总量		0	0	
2055	13	13	从银行取出银两日期		0	0	
2055	14	14	当天取出银两总量		0	0	
2056	1	18	vip占位				
2057	1	1	记录当前玩家老包任务可以直接领钱的截至日期		1		
2058	1	500	反外挂用变量				
2059	1	5	领土同步数据		1	0	
2059	6	18	领土争夺战		0	0	
2060	1	1	任务补偿之军营副本				
2061	1	1	玩家领取周活动奖励的时间				
2062	1	3	任务跟踪记录任务ID		1	1	
2062	4	4	记录玩家当前激活的光环技能		1	1	
2063	1	1	上次登陆IP		0	0	
2063	2	2	上次登陆时间（OnLogin事件中，此值可能异常）		0	0	
2063	3	3	跨服记录玩家原服ID				
2063	4	4	玩家账号是否被冻结		0	0	
2063	5	12	跨服记录玩家原服网关名				
2063	13	15	跨服记录玩家原服跨过来的坐标				
2063	16	17	上次登录时间(本次上线的前一次时间)		0	0	
2063	18	20	当月登陆的天数		1	0	
2063	21	21	当天登陆的累计时间		1	0	
2063	22	22	上次登录的UI版本		1	0	
2063	23	23	限制仓库取道具权限		1	0	
2063	24	25	体服仓库获取银两				
2064	1	13	竞技赛(新年雪仗)		1	0	
2064	14	23	竞技赛(赛龙舟)		1	0	
2065	1	1	合服优惠上次修炼珠时间		0	0	
2065	2	2	玩家是否已经领过合服之后给子服务器玩家的修炼时间补偿		0	0	
2065	3	3	合服之后给子服务器玩家补偿的修炼时间		0	0	
2065	4	4	合服之后玩家物品补偿		0	0	
2066			藏宝图进入次数		1		
2067	1	1	师徒期间参加白虎堂次数		0	0	
2067	2	2	师徒期间参加宋金次数		0	0	
2067	3	3	师徒期间参加门派竞技次数		0	0	
2067	4	4	师徒期间参加通缉次数		0	0	
2067	5	5	师徒期间参加义军任务次数		0	0	
2067	6	6	本周师徒传功次数		0	0	
2067	7	7	玩家上次传功时间		0	0	
2067	8	9	修炼丸使用限制（8表示玩家使用修炼丸的日期，9表示玩家当天使用修炼丸的次数）		0	0	
2067	10	11	当天的申请拜师次数		1	0	
2067	12	12	徒弟上次领取师徒buff的日期		1	0	
2067	13	13	记录已出师关系数量		1	0	
2069	1	5	09年国庆活动（卡片收集）		1	0	
2069	6	61	09年国庆活动（卡片收集）56个民族卡		1	0	
2069	70	71	09年国庆活动（卡片收集）56个民族卡		1	0	
2069	72	74	09中秋抓兔子		1	0	
2069	75	78	10中秋抓兔子		1	0	
2069	79	82	10中秋吃月饼		1	0	
2070	1	5	推广员系统		0	0	
2070	6	6	推广员系统		1	0	
2070	7	10	推广员系统		0	0	
2080	1	1	绑银兑换非绑银		1	0	
2081	1	1	帮会用任务变量				
2081	2	5	帮会银锭使用限制		1	0	
2525	2	2	废止请不要使用		1	1	
2082	1	5	老玩家召回，记录各个子任务完成情况		1	0	
2082	6	8	老玩家召回，老玩家标记		1	0	
2082	9	13	老玩家召回活动，接受常在线玩家祝福的老玩家		1	0	
2082	14	14	老玩家召回，老玩家接受祝福的次数		1	0	
2082	15	16	老玩家召回，（15 老玩家立即离开家族的时间，16 老玩家立即加入家族并转正的时间）		1	0	
2082	17	17	老玩家召回是否已经召唤关系		1	0	
2082	18	18	老玩家召回召唤关系成立的时间		1	0	
2082	19	26	老顽家奖励领取标志		0	0	
2083	1	1	上一次领的月份				
2083	2	2	已经领过的次数				
2083	3	3	vip玩家第一个月积分兑换额余额		1		
2083	4	4	vip玩家第二个月积分兑换额余额		1		
2083	5	5	vip玩家第三个月积分兑换额余额		1		
2083	6	6	vip玩家第四个月积分兑换额余额		1		
2083	7	11	vip玩家返还200912月份Vip		0		
2084	1	10	剑网转剑世相关		1	0	
2085	1	1	装备延迟剥离		0	0	
2085	2	2	同伴延迟剥离		0	0	
2085	3	3	同伴延迟删除		0	0	
2085	4	4	同伴装备延迟解绑		0	0	
2085	5	5	真元延迟解绑		1	0	
2085	6	6	宝石延迟解绑		1	0	
2085	7	7	宝石延迟拆解		1	0	
2085	8	8	护体真元转化		1	0	
2085	9	10	绑定银行		0		
2086	1	10	百宝箱相关		1	0	
2087	1	20	客户端脚本邮件的接收时间		1	1	
2088			客户端脚本邮件的状态标记		1	1	
2089	1	20	客户端脚本邮件对应的序列号		1	1	
2090	1	1	自动解除禁言时间				
2090	2	2	自动释放天牢功能				
2091			马来版本在线指令使用				
2091	1	1	马来新手礼包活动激活标志		1	0	
2091	2	2	马来新手活动物品领取标志		1	0	
2091	3	3	台湾版领土物品领取标志		1	0	
2091	4	4	买来跨服宋金		1	0	
2092			盛大版本在线指令使用				
2092	1	1	盛大版本给予基准经验	20090731			
2092	2	2	盛大版本给予白驹丸	20090731			
2092	3	3	盛大版本六一送面具	20090731			
2092	4	4	[通用]运营平台指令赠送经验				
2092	5	5	[通用]运营平台指令赠送白驹丸				
2092	6	6	[通用]运营平台指令赠送强化减20％				
2092	7	7	盛大版本升级给经验	20090831			
2092	8	10	盛大版本脚本使用				
2093			金山版本在线指令使用				
2093	1	1	金山版本逍遥录领奖修复记录	20090731			
2093	2	2	金山版本合服失败补偿3小时白驹时间	20090731			
2093	3	3	金山版本合服失败交易所金币补偿	20090731			
2093	4	4	金山版本逍遥录领奖修复记录	20090731			
2093	5	8	金山版本线上活动变量	20090830			
2093	9	9	霸主之印在线修复	20090728			
2093	10	10	金山版本线上修复美女刷玫瑰扣除标志	20091220			
2093	11	11	金山版本线上修复美女刷玫瑰扣除剩余价值量	20091220			
2093	12	12	金山版本线上修复美女刷玫瑰扣除清白玩家	20091220			
2093	13	13	金山版本国庆疯狂				
2093	14	14	金山版本武林大会奖励补偿				
2093	15	15	金山版本武林大会奖励额外补偿				
2093	16	17	金山版本公测烟花变量过期更换				
2093	18	18	2010新年活动bug修复				
2093	19	20	2010踏青荷包				
2093	21	21	武林大会选美				
2093	22	22	武林联赛补偿任务变量				
2093	23	23	金币交易所挂单时间间隔(正式)				
2093	25	25	新浪合服补偿				
2093	26	26	毒霸月度礼包返还				
2093	27	27	毒霸礼包最后领取时间				
2093	28	30	2011新年抽奖				
2093	31	31	修复夜岚关次数bug				
2093	32	32	合服补偿离线托管记录				
2093	33	35	老玩家回归修复				
2093	36	36	武林联赛令牌奖励补偿				
2093	37	37	楼兰古城刷战斗力				
2093	38	42	绿色服经验活动				
2093	43	44	端午节精英掉落				
2093	45	46	联赛奖励bug修复				
2093	47	48	石头bug修复				
2093	49	49	家园种树修复				
2093	50	60	光棍节活动				
2093	61	61	新旧UI切换提示				
2093	62	62	侠义值修复				
2093	63	63	新服活动修复				
2093	64	64	老玩家修复				
2093	65	66	2012愚人节活动				
2093	67	67	清明节活动				
2093	68	68	2012六一节活动				
2093	79	79	Mật tịch-Trung				
2093	80	80	Mật tịch-Cao
2094	1	12	潜在玩家流失标准统计				
2094	50	69	角色参与活动总次数记录				
2095	1	512	美女选举活动间	20091001			
2095	513	514	美女选举技能buf				
2096			活动系统批次表				
2097	1	18	领土战开门任务相关变量		1	0	
2097	19	19	标记玩家是否唾弃或者膜拜		1	0	
2097	20	20	标记玩家是否唾弃或者膜拜		1	0	
2098	1	10	秦始皇陵相关		1	0	
2099	1	1200	观战		0	0	
2100	1	2	家族招募		0	0	
2101	1	5	武林大会资格认定		1	0	
2102	1	30	武林大会		0	0	
2103	1	100	家族竞技平台活动		1	0	
2104	1	4	跨服公用货币跨服时原始值		0		
2105	1	5	处理玩家非法刷道具		1		
2106	1	3	[战神系统]游龙密窟相关		0	0	
2106	4	5	[战神系统]游龙密窟开心蛋		1	0	
2106	6	6	[战神系统]游龙密窟相关		0	0	
2106	7	7	[战神系统]游龙密窟相关		0	0	
2106	8	9	[战神系统]游龙密窟相关		0	0	
2106	10	11	[战神系统]游龙密窟相关		0	0	
2106	12	12	[战神系统]游龙密窟相关		0	0	
2106	13	13	[战神系统]游龙密窟相关		0	0	
2106	14	14	[战神系统]游龙密窟相关		0	0	
2107			成就系统		1	0	
2108	1	40	vip转服相关		1	0	
2109	1	5	师徒副本				
2110	1	100	合服补偿变量		1	0	
2111	1	40	全局武林联赛		1	0	
2112	1	2	吃同伴经验书个数		1		
2112	3	4	使用镶边帛帖个数		1		
2112	5	13	跟宠		1		
2113	1	34	2010年春节活动		1	0	
2114	1	30	结婚系统		1	0	
2115	1	2	江湖威望令牌		1	0	
2116	1	100	收藏盒		1	0	
2117			越南版本使用				
2117	1	1	越南版本使用-激活礼包				
2118	1	15	[守塔]僵尸大战植物人		1	0	
2119	1	15	劳动节		1	0	
2120			定制礼包表				
2121	1	8	赈灾				
2122	1	20	在线领奖		1	0	
2122	21	23	在线领奖		1	0	
2123			副本通用机制		1	0	
2124	1	4	越南合成水晶		1	0	
2124	5	8	越南经验道具变量		1	0	
2124	9	9	越南冲级领取装备		1	0	
2125	1	20	侠客岛相关		1	0	
2125	21	21	侠客岛城主任务交和氏璧数量		1	0	
2126	1	4	金牌网吧		1	0	
2126	5	28	金牌联赛1阶段		1	0	
2126	29	29	金牌联赛补偿		1	0	
2127			成就系统完成标记		1	0	
2128			成就系统辅助标记		1	0	
2129			玩家成就数值		1	0	
2130	1	6	经验任务		1	0	
2131	1	71	七夕活动		1	0	
2132	1	11	战斗力		1	0	
2133	1	4	真元军营任务提升经验		1	0	
2134	1	2	累计真元历练经验时间		1	0	
2135	1	2	真元数据埋点需要LOG		0	0	
2136	1	12	新藏宝图副本		1	0	
2137			台湾版特殊变量组		0	0	
2137	1	1	手机锁开关		0	0	
2137	2	2	玩家已使用的充值额点数		1	0	
2137	3	3	玩家已使用的充值额点数清除时间		1	0	
2138	1	20	老玩家回归		1	0	
2138	21	40	老玩家回归-剑啸狂沙		1	0	
2138	41	70	老玩家回归-20110915		1	0	
2138	71	102	老玩家回归-201203		1	0	
2138	103	142	老玩家回归-201207		1	0	
2138	143	157	老玩家回归-201209		1	0	
2139	1	15	淘宝合作活动		1	0	
2140	1	13	越南10月黄金白银龙活动		1	0	
2141	1	515	美女选举活动	20101230	0	0	
2141	516	518	巾帼英雄赛		0	0	
2141	519	520	巾帼英雄赛跨服奖励带回		0	0	
2142	1	30	铁浮城相关		1	0	
2143	1	18	越南201011月活动		1	0	
2143	19	23	越南201101月煮粽子活动		1	0	
2143	24	30	越南201101月烟花&五果盘活动		1	0	
2143	31	34	越南201104月		1	0	
2144	1	12	各个系统每天参加次数		1	0	
2145	1	1	是否隐藏披风		1	0	
2146	1	15	热血侠客岛占位		0	0	
2147	1	25	越南12月活动		1	0	
2147	26	36	越南201103月活动		1	0	
2147	37	45	越南201104月活动		1	0	
2148	1	40	大逃杀		1	0	
2149	1	12	漂流瓶		1	0	
2150	1	23	跨服白虎		1	0	
2151	1	22	2011情人节活动		1	0	
2152	1	10	2011元宵节活动		1	0	
2153			台湾版玩家参与活动统计标记		1	0	
2154	1	30	新版vip活动占位		1	0	
2155	1	20	同庆半边天活动占位		1	0	
2156	1	3	2011植树节活动		1	0	
2157	1	1	技能存盘		1	1	
2158			SNS服务相关		1	1	
2159	1	20	侠客日常任务		1	0	
2160	1	5	清明节活动占位		1	0	
2161	1	5	楼兰古城		1	0	
2162			盛大五一活动变量		1	0	
2163	1	19	五一美酒节活动变量占位		0	0	
2164	1	13	高级特权		1	0	
2165	1	15	玩家奇珍阁最近购买商品id列表,金币区		1	0	
2166	1	15	玩家奇珍阁最近购买商品id列表,绑金区		1	0	
2167	1	10	周年庆，佳肴活动	20110716	0	0	
2168	1	1	家族技能贡献度		1	0	
2169	1	20	梦回采石矶		1	0	
2170	1	25	角色打分，用于标记角色与工作室号的匹配程度		0	0	
2171	1	2	真元历练丸		1	0	
2172	1	2	额外精活福利控制		1	0	
2172	3	8	2011七夕活动占位	20110809	1	0	
2173			台湾功能占位		1	0	
2174	1	50	周末常规钓鱼占位		1	0	
2175	1	1	抽奖保护		1	0	
2175	2	9	角色转移		1	0	
2176	1	9	2011中秋		1	0	
2176	10	17	新服活动		1	0	
2176	18	100	国庆寒武猜奖		1	0	
2176	101	105	国庆寒武猜奖		1	0	
2176	106	116	新服活动		1	0	
2176	117	126	家园系统		1	0	
2176	127	130	家族聚义礼包		1	0	
2177	1	3	阴阳时光殿领取记录		1	0	
2178			反外挂打分		0	0	
2179	1	7	无差别竞技		1	0	
2179	8	8	任务修复		1	0	
2179	9	19	无差别竞技		1	0	
2179	20	20	新手标志		1	0	
2179	21	21	无差别竞技		1	0	
2180	1	1	MINI客户端标记		1	1	
2181	1	2	指引		1	1	
2181	3	3	保存玩家的创建时间		1	0	
2181	4	4	上次判断菜的时间		1	1	
2181	5	5	上次判断储物箱的时间		1	1	
2181	6	6	上次判断玄晶合成的时间		1	1	
2182			活跃度		1	0	
2183	1	8	新服固定活动		0	0	
2184	1	5	加速声望值		1		
2185	1	11	2011圣诞活动				
2186	1	2	披风魂石返还道具				
2187	1	24	2012春节活动				
2188	1	5	2012情人节				
2189	1	512	2012情人节	20120501			
2189	513	519	2012情人节认证buf				
2189	520	520	五一开心蛋活动				
2189	521	525	美女认证日常活动				
2190	1	20	2012妇女节		1	0	
2191	1	20	克夷门战场		1	0	
2192	1	20	2012清明节		1	0	
2192	21	42	2012六一		1	0	
2192	43	43	通用界面绑银		1	0	
2192	44	45	2012六一		1	0	
2192	46	70	2012端午		1	0	
2193			越南占位		1	0	
2194	1	5	欧洲杯竞猜		1	0	
2195	1	52	日常回流		1	0	
2196	1	10	家族工资		1	0	
2197	1	42	2012奥运活动		1	0	
2198	1	8	副密码权限		1	0	
2199	1	2	福利药箱		1	0	
2200	1	5	新战场		1	0	
2201	1	21	载具快捷键记录		1	1	
2202	1	2	玩家拥有载具技能编号(前4位左键，后4位右键)		1	0	
2203	1	10	藏宝图次数		1	0
2204	1	20	Mua lai hoat dong		1	0
2205	1	5	RealTimeExp		1	0
2206	1	5	Thưởng nạp thẻ tháng		1	0
2207	1	50	Giftcode		1	0
2208	1	50	BaoTriDotXuat		1	0
2209	1	50	CountKillNPC		1	0
2210	1	5	Sử dụng Hàn Tinh Thạch		1	0
2210	6	10	Sử dụng Thiên Tâm Thạch		1	0
2210	11	15	Sử dụng Rương Thiên Long		1	0
2210	16	20	Sử dụng Thiên Niên Linh Quả		1	0
2211	1	2	Phần thưởng đua top		1	0
2216	50	53	Sử dụng bình tinh hoạt		1	0
