nFactionId	nRouteId	nIndex	nReqLv	nSkillId	Name
1	1	1	10	21	伏魔刀法
1	1	2	30	23	易骨经
1	1	3	40	25	阿罗汉神功
1	1	4	50	24	破戒刀法
1	1	5	60	250	降龙伏虎
1	1	6	70	26	菩提心法
1	1	7	90	27	天竺绝刀
1	1	8	100	252	如来千叶
1	1	9	110	819	禅圆功
1	1	10	120	820	120级技能
1	1	11	20	10	初级秘籍
1	1	12	70	1200	中级秘籍
1	1	13	100	1241	高级秘籍
1	2	1	10	29	普渡棍法
1	2	2	30	31	狮子吼
1	2	3	40	25	阿罗汉神功
1	2	4	50	33	伏魔棍法
1	2	5	60	34	不动明王
1	2	6	70	254	易骨经
1	2	7	90	36	七星罗刹棍
1	2	8	100	255	无相神功
1	2	9	110	821	醉八仙棍
1	2	10	120	822	120级技能
1	2	11	20	10	初级秘籍
1	2	12	70	1201	中级秘籍
1	2	13	100	1242	高级秘籍
2	1	1	10	38	回风落雁
2	1	2	30	41	断魂刺
2	1	3	40	45	静心诀
2	1	4	50	43	阳关三叠
2	1	5	60	256	惊雷破天
2	1	6	70	46	天王战意
2	1	7	90	47	追星逐月
2	1	8	100	259	血战八方
2	1	9	110	823	奔雷钻龙枪
2	1	10	120	824	120级技能
2	1	11	20	10	初级秘籍
2	1	12	70	1202	中级秘籍
2	1	13	100	1243	高级秘籍
2	2	1	10	50	行云诀
2	2	2	30	41	断魂刺
2	2	3	40	781	静心术
2	2	4	50	53	追风诀
2	2	5	60	260	天王本生
2	2	6	70	55	金钟罩
2	2	7	90	56	乘龙诀
2	2	8	100	262	不灭杀意
2	2	9	110	825	斩龙诀
2	2	10	120	826	120级技能
2	2	11	20	10	初级秘籍
2	2	12	70	1202	中级秘籍
2	2	13	100	1244	高级秘籍
3	1	1	10	69	毒刺骨
3	1	2	30	64	迷影纵
3	1	3	40	71	勾魂阱
3	1	4	50	72	小李飞刀
3	1	5	60	263	吸星阵
3	1	6	70	73	缠身刺
3	1	7	90	74	乱环击
3	1	8	100	265	蚀骨血刃
3	1	9	110	827	机关秘术
3	1	10	120	828	120级技能
3	1	11	20	10	初级秘籍
3	1	12	70	1203	中级秘籍
3	1	13	100	1245	高级秘籍
3	2	1	10	59	追心箭
3	2	2	30	64	迷影纵
3	2	3	40	61	淬毒术
3	2	4	50	62	天罗地网
3	2	5	60	266	断筋刃
3	2	6	70	65	驭毒术
3	2	7	90	66	暴雨梨花
3	2	8	100	268	心眼
3	2	9	110	829	七绝煞光
3	2	10	120	830	120级技能
3	2	11	20	10	初级秘籍
3	2	12	70	1204	中级秘籍
3	2	13	100	1246	高级秘籍
4	1	1	10	76	血刀毒杀
4	1	2	30	78	无形蛊
4	1	3	40	81	施毒术
4	1	4	50	80	百毒穿心
4	1	5	60	269	瘟蛊之气
4	1	6	70	82	万蛊蚀心
4	1	7	90	83	玄阴斩
4	1	8	100	271	千蛛万毒
4	1	9	110	831	朱蛤青冥
4	1	10	120	832	120级技能
4	1	11	20	10	初级秘籍
4	1	12	70	1205	中级秘籍
4	1	13	100	1247	高级秘籍
4	2	1	10	86	毒砂掌
4	2	2	30	92	穿心毒刺
4	2	3	40	91	银丝飞蛛
4	2	4	50	90	天罡地煞
4	2	5	60	272	驱毒术
4	2	6	70	88	悲魔血光
4	2	7	90	93	阴风蚀骨
4	2	8	100	274	断筋腐骨
4	2	9	110	833	化骨绵掌
4	2	10	120	834	120级技能
4	2	11	20	10	初级秘籍
4	2	12	70	1206	中级秘籍
4	2	13	100	1248	高级秘籍
5	1	1	10	96	飘雪穿云
5	1	2	30	98	慈航普渡
5	1	3	40	101	佛心慈佑
5	1	4	50	99	四象同归
5	1	5	60	479	不灭不绝
5	1	6	70	782	流水心法
5	1	7	90	103	风霜碎影
5	1	8	100	280	万佛归宗
5	1	9	110	835	佛光战气
5	1	10	120	836	120级技能
5	1	11	20	10	初级秘籍
5	1	12	70	1207	中级秘籍
5	1	13	100	1249	高级秘籍
5	2	1	10	107	佛音战意
5	2	2	30	98	慈航普渡
5	2	3	40	101	佛心慈佑
5	2	4	50	109	千佛千叶
5	2	5	60	110	佛光普照
5	2	6	70	102	流水诀
5	2	7	90	108	清音梵唱
5	2	8	100	482	普渡众生
5	2	9	110	837	剑影佛光
5	2	10	120	838	120级技能
5	2	11	20	10	初级秘籍
5	2	12	70	1208	中级秘籍
5	2	13	100	1250	高级秘籍
6	1	1	10	111	风卷残雪
6	1	2	30	113	护体寒冰
6	1	3	40	115	雪影
6	1	4	50	114	碧海潮生
6	1	5	60	483	玄冰无息
6	1	6	70	116	雪映红尘
6	1	7	90	117	冰心仙子
6	1	8	100	485	浮云散雪
6	1	9	110	839	十面埋伏
6	1	10	120	840	120级技能
6	1	11	20	10	初级秘籍
6	1	12	70	1209	中级秘籍
6	1	13	100	1251	高级秘籍
6	2	1	10	120	风花雪月
6	2	2	30	122	御雪隐
6	2	3	40	812	流风回雪
6	2	4	50	123	牧野流星
6	2	5	60	483	玄冰无息
6	2	6	70	124	冰心倩影
6	2	7	90	125	冰踪无影
6	2	8	100	486	千里冰封
6	2	9	110	841	归去来兮
6	2	10	120	842	120级技能
6	2	11	20	10	初级秘籍
6	2	12	70	1210	中级秘籍
6	2	13	100	1252	高级秘籍
7	1	1	10	128	见人伸手
7	1	2	30	130	化险为夷
7	1	3	40	132	滑不溜手
7	1	4	50	131	亢龙有悔
7	1	5	60	489	时乘六龙
7	1	6	70	133	醉蝶狂舞
7	1	7	90	134	飞龙在天
7	1	8	100	487	降龙掌
7	1	9	110	843	擒龙功
7	1	10	120	844	120级技能
7	1	11	20	10	初级秘籍
7	1	12	70	1211	中级秘籍
7	1	13	100	1253	高级秘籍
7	2	1	10	137	沿门托钵
7	2	2	30	139	逍遥功
7	2	3	40	132	滑不溜手
7	2	4	50	140	棒打恶狗
7	2	5	60	491	恶狗拦路
7	2	6	70	238	混天气功
7	2	7	90	141	天下无狗
7	2	8	100	488	打狗棒法
7	2	9	110	845	打狗阵法
7	2	10	120	846	120级技能
7	2	11	20	10	初级秘籍
7	2	12	70	1212	中级秘籍
7	2	13	100	1254	高级秘籍
8	1	1	10	143	残阳如血
8	1	2	30	492	幻影追魂枪
8	1	3	40	145	金蝉脱壳
8	1	4	50	146	烈火情天
8	1	5	60	147	悲酥清风
8	1	6	70	148	魔音噬魄
8	1	7	90	149	云龙击
8	1	8	100	493	魔炎在天
8	1	9	110	847	飞鸿无迹
8	1	10	120	848	120级技能
8	1	11	20	10	初级秘籍
8	1	12	70	1213	中级秘籍
8	1	13	100	1255	高级秘籍
8	2	1	10	151	弹指烈焰
8	2	2	30	154	厉魔夺魂
8	2	3	40	145	金蝉脱壳
8	2	4	50	153	推山填海
8	2	5	60	494	火莲焚华
8	2	6	70	155	慑魂乱心
8	2	7	90	156	天外流星
8	2	8	100	496	魔焰七杀
8	2	9	110	849	束缚咒
8	2	10	120	850	120级技能
8	2	11	20	10	初级秘籍
8	2	12	70	1214	中级秘籍
8	2	13	100	1256	高级秘籍
9	1	1	10	159	剥及而复
9	1	2	30	161	坐忘无我
9	1	3	40	163	梯云纵
9	1	4	50	162	无我无剑
9	1	5	60	497	纯阳无极
9	1	6	70	164	真武七截
9	1	7	90	165	天地无极
9	1	8	100	498	太极神功
9	1	9	110	851	武当九阳功
9	1	10	120	852	120级技能
9	1	11	20	10	初级秘籍
9	1	12	70	1215	中级秘籍
9	1	13	100	1257	高级秘籍
9	2	1	10	167	剑飞惊天
9	2	2	30	783	无我心法
9	2	3	40	163	梯云纵
9	2	4	50	169	三环套月
9	2	5	60	499	太一真气
9	2	6	70	170	七星诀
9	2	7	90	171	人剑合一
9	2	8	100	500	太极剑法
9	2	9	110	853	迷踪幻影
9	2	10	120	854	120级技能
9	2	11	20	10	初级秘籍
9	2	12	70	1216	中级秘籍
9	2	13	100	1258	高级秘籍
10	1	1	10	175	呼风法
10	1	2	30	179	玄天无极
10	1	3	40	177	清风符
10	1	4	50	178	狂风骤电
10	1	5	60	697	开神术
10	1	6	70	180	一气三清
10	1	7	90	181	傲雪啸风
10	1	8	100	698	霜傲昆仑
10	1	9	110	855	无人无我
10	1	10	120	856	120级技能
10	1	11	20	10	初级秘籍
10	1	12	70	1217	中级秘籍
10	1	13	100	1259	高级秘籍
10	2	1	10	188	狂雷震地
10	2	2	30	179	玄天无极
10	2	3	40	177	清风符
10	2	4	50	190	天际迅雷
10	2	5	60	699	醉仙错骨
10	2	6	70	191	道骨仙风
10	2	7	90	192	雷动九天
10	2	8	100	767	混元乾坤
10	2	9	110	857	雷霆诀
10	2	10	120	858	120级技能
10	2	11	20	10	初级秘籍
10	2	12	70	1218	中级秘籍
10	2	13	100	1260	高级秘籍
11	1	1	10	194	开天式
11	1	2	30	199	困虎云啸
11	1	3	40	768	烈阳功
11	1	4	50	198	劈地势
11	1	5	60	201	金戈铁马
11	1	6	70	197	驭马术
11	1	7	90	202	龙吞式
11	1	8	100	769	空绝心法
11	1	9	110	859	九曦混阳
11	1	10	120	860	120级技能
11	1	11	20	10	初级秘籍
11	1	12	70	1219	中级秘籍
11	1	13	100	1261	高级秘籍
11	2	1	10	205	圣火焚心
11	2	2	30	207	弥气飘踪
11	2	3	40	209	飘翼身法
11	2	4	50	208	万物俱焚
11	2	5	60	210	乾坤大挪移
11	2	6	70	770	偷天换日
11	2	7	90	211	圣火燎原
11	2	8	100	772	圣火神功
11	2	9	110	861	圣火令法
11	2	10	120	862	120级技能
11	2	11	20	10	初级秘籍
11	2	12	70	1220	中级秘籍
11	2	13	100	1262	高级秘籍
12	1	1	10	213	神指点穴
12	1	2	30	216	一阳指
12	1	3	40	219	凌波微步
12	1	4	50	217	一指乾坤
12	1	5	60	773	慈悲诀
12	1	6	70	220	弑元诀
12	1	7	90	223	乾阳神指
12	1	8	100	775	乾天指法
12	1	9	110	863	妙谛指
12	1	10	120	864	120级技能
12	1	11	20	10	初级秘籍
12	1	12	70	1221	中级秘籍
12	1	13	100	1263	高级秘籍
12	2	1	10	226	风云变幻
12	2	2	30	228	北冥神功
12	2	3	40	230	天南步法
12	2	4	50	229	金玉满堂
12	2	5	60	776	六剑齐发
12	2	6	70	231	枯荣禅功
12	2	7	90	232	六脉神剑
12	2	8	100	778	段家气剑
12	2	9	110	865	惊天一剑
12	2	10	120	866	疏影
12	2	11	20	10	初级秘籍
12	2	12	70	1222	中级秘籍
12	2	13	100	1264	高级秘籍
13	1	1	10	2803	秋雁彷徨
13	1	2	30	2806	红袖缠
13	1	3	40	2808	静影沉璧
13	1	4	50	2804	白云回望
13	1	5	60	2809	暮云凝碧
13	1	6	70	2807	寒山独立
13	1	7	90	2805	孤月徘徊
13	1	8	100	2814	玉女心经
13	1	9	110	2811	终南晚照
13	1	10	120	2810	飞天舞
13	1	11	20	10	初级秘籍
13	1	12	70	2815	中级秘籍
13	1	13	100	2816	高级秘籍
13	2	1	85	2830	行云带雨
13	2	2	30	2827	惊鸿照影
13	2	3	40	2822	冰魄银针
13	2	4	45	2837	看朱成碧
13	2	5	60	2831	蓄势待发
13	2	6	70	2824	玉蜂针
13	2	7	90	2825	离恨
13	2	8	105	2828	风流云散
13	2	9	110	2832	黄泉蹒跚
13	2	10	120	2829	雾集云合
13	2	11	20	10	初级秘籍
13	2	12	70	2826	中级秘籍
13	2	13	100	2838	高级秘籍
