WareId	WareName	WareType	nGenre	nDetailType	nParticular	nLevel	nSeries	nCurrencyType	nUseType	nOrgPrice	nWareUseStyle	nDiscount	nRecommend	timeSaleStart	timeSaleClose	DiscountStart	DiscountClose	dwTimeout	nTimeFrameStartSale	nTimeFrameEndSale	Consumed	nHonor	nBind
1	Bạch Câu Hoàn	101	18	1	71	1	1	0		36								43200			100		
2	Đại Bạch Câu Hoàn	101	18	1	71	2	1	0		180								43200			100		
3	Cường Hiệu Bạch Câu Hoàn	101	18	1	71	3	1	0		540								43200			100		
4	Thỏi vàng (đại)	102	18	1	118	2	1	0		7800								43200			0		
5	Huyền Tinh Cấp 1	107	18	1	1	1	1	0		1								43200			0		
6	Huyền Tinh Cấp 3	107	18	1	1	3	1	0		15								43200			0		
7	Huyền Tinh Cấp 5	107	18	1	1	5	1	0		195								43200			0		
8	Huyền Tinh thường (cấp 7)	107	18	1	1	7	1	0		2240								43200			0		
9	Thỏi vàng	102	18	1	118	1	1	0		830								43200			0		
10	Thùng rượu (5 bình)	101	18	1	189	1	1	0		30								43200			0		
11	Thùng rượu (50 bình)	101	18	1	189	2	1	0		300			1					43200			0		
12	Vô Hạn Truyền Tống Phù (1 tuần)	102	18	1	195	1	1	0	1	400			1					10080			0		
13	Vô Hạn Truyền Tống Phù (1 tháng)	102	18	1	235	1	1	0	1	1500								43200			0		
18	Vô Hạn Hồi Thành Phù (1 tuần)	102	18	1	23	1	1	0	1	200								10080			0		
19	Vô Hạn Hồi Thành Phù (1 tháng)	102	18	1	234	1	1	0	1	750								43200			0		
22	Càn Khôn Phù (10)	102	18	1	85	1	1	0		200			1					43200			0		
24	Lệnh bài triệu hồi gia tộc	102	18	1	87	1	1	0		500			1					43200			0		
25	Giấy phép bày bán	102	18	1	116	1	1	0		8								43200			100		
26	Cửu Chuyển Tục Mệnh Hoàn	106	18	1	24	1	1	0		40			1					43200			100		
27	Lệnh Bài Hình Bộ	103	18	1	17	1	1	0		100								43200			100		
28	Từ Bi Tâm Kinh	103	18	1	18	1	1	0		100								43200			100		
29	Không Bạch Tâm Thư (sơ)	101	20	1	463	1	1	0		20								43200			100		
30	Không Bạch Tâm Thư (trung)	101	20	1	464	1	1	0		60								43200			100		
31	Không Bạch Tâm Thư (cao)	101	20	1	465	1	1	0		180								43200			100		
32	Kim Tê (cấp 4)	103	18	1	2	4	1	0		2900								43200			0		
33	Kim Tê (cấp 3)	103	18	1	2	3	1	0		300			1					43200			0		
35	Lệnh bài Tẩy Tủy Đảo	103	18	1	79	1	1	0		200								43200			100		
36	Mã bài (Đại Uyển Mã)	106	1	12	15	2	1	0	1	120								43200			0		
37	Mã bài (Ô Truy)	106	1	12	16	2	1	0	1	120								43200			0		
38	Chứng nhận di dân	102	18	1	117	1	1	0		200								43200			0		
40	Tinh Khí Tán (500)	103	18	1	89	1	1	0		40			1					43200			0		
41	Tinh Khí Tán (1000)	103	18	1	89	2	1	0		120			1					43200			0		
42	Tinh Khí Tán (1500)	103	18	1	89	3	1	0		300			1					43200			0		
43	Hoạt Khí Tán (500)	103	18	1	90	1	1	0		40			1					43200			0		
44	Hoạt Khí Tán (1000)	103	18	1	90	2	1	0		120			1					43200			0		
45	Hoạt Khí Tán (1500)	103	18	1	90	3	1	0		300			1					43200			0		
46	Thiên Nhãn Phù	102	18	1	206	1	1	0		100								43200			0		
47	Túi phúc lợi tinh khí (500)	103	18	1	207	1	1	0		80								43200			0		
48	Túi phúc lợi hoạt khí (500)	103	18	1	208	1	1	0		80								43200			0		
49	Lệnh bài chúc phúc (sơ)	108	18	1	212	1	1	0		1600								43200			100		
50	Lệnh bài chúc phúc (trung)	108	18	1	212	2	1	0		12650								43200			100		
51	Huyền Tinh vô hạ (cấp 9)	107	18	1	1	9	1	0		28800								43200			0		
52	Đặc Hiệu Bạch Câu Hoàn	101	18	1	71	4	1	0		1480								43200			100		
53	Cửu Chuyển Tục Mệnh Hoàn (tự động sử dụng)	106	18	1	218	1	1	0		50	2							43200			100		
54	Dây cương thần bí	106	18	1	237	1	0	0	1	820		80						43200			100		
55	Võ Lâm Mật Tịch (trung)	106	18	1	191	2	0	0		4500		80						43200			100		
56	Tẩy Tủy Kinh (trung)	106	18	1	192	2	0	0		4500		80						43200			100		
57	Lệnh Bài Nghĩa Quân	108	18	1	84	1	0	0		35								43200			100		
58	Lệnh bài thi đấu môn phái (cao)	108	18	1	81	3	0	0		500								43200			100		
59	Lệnh Bài Bạch Hổ Đường (cao)	108	18	1	111	3	0	0		120								43200			100		
60	Lệnh Bài Gia Tộc (cao)	108	18	1	110	3	0	0		500								43200			100		
61	Lệnh bài chiến trường (Dương Châu)	108	18	1	112	1	0	0		45								43200			100		
62	Lệnh bài chiến trường (Phượng Tường)	108	18	1	112	2	0	0		85								43200			100		
63	Câu Hồn Ngọc (cao)	103	18	1	146	3	0	0		12000								43200			10		
64	Lệnh bài Uy danh giang hồ	108	18	1	236	1	0	0		500								43200			100		
65	Dị Mã Phù	106	18	1	238	1	0	0		288								43200			100		
66	Rương Hồn Thạch (100 cái)	107	18	1	244	1	0	0		800			1					43200			0		
67	Rương Hồn Thạch (1000 cái)	107	18	1	244	2	0	0		7800			1					43200			0		
68	Bản đồ bí cảnh	101	18	1	251	1	0	0		1000								43200			16		
69	Túi kỷ niệm 20 năm	102	18	1	256	1	0	0		500								43200			100		
70	Lệnh bài chúc phúc (cao)	108	18	1	212	3	1	0		58800								43200			100		
71	Hộp giáng sinh	102	18	1	270	1	1	0		680								43200			0		
72	Kẹo giáng sinh	102	18	1	271	1	1	0		99								43200			0		
73	Thỏi bạc bang hội (tiểu)	102	18	1	284	1	1	0		1500								43200			100		
74	Thỏi bạc bang hội (đại)	102	18	1	284	2	1	0		12500								43200			100		
75	Lệnh bài phần thưởng Bang hội	102	18	1	340	1	0	0		5000								43200			100		
76	Hoa hồng	103	18	1	373	1	0	0		160								43200			100		
77	Dạ Minh Châu-Rương	107	18	1	382	1	0	0		12000			1					43200			0		
78	Giỏ hoa hồng	103	18	1	383	1	0	0		15840								43200			0		
79	Vạn Vật Quy Nguyên Đơn	106	18	1	384	1	0	0		7200			1					43200			100		
80	Linh Chi Tục Mệnh Hoàn-Rương	106	18	1	241	1	0	0		600			1					43200			0		
81	Tuyết Sam Phản Khí Hoàn-Rương	106	18	1	242	1	0	0		600			1					43200			0		
82	Diêu Trì Đại Hoàn Đơn-Rương	106	18	1	243	1	0	0		600			1					43200			0		
83	Túi lương nghĩa quân	108	18	1	341	1	0	0		120								43200			100		
84	Liên Đấu Hắc Thiết Bài	108	18	1	215	1	0	0		2000								43200			100		
85	Liên Đấu Hoàng Kim Bài	108	18	1	215	4	0	0		10000								43200			100		
86	Bách Bộ Xuyên Dương Cung	108	18	1	263	1	0	0		150								43200			100		
87	Tần Lăng-Mạc Kim Phù	108	18	1	366	1	0	0		200								43200			100		
88	Bánh ít bát bảo	106	18	1	326	2	0	0		8000								43200			100		
89	Bánh ít thập cẩm	106	18	1	326	3	0	0		8000								43200			100		
90	Trứng Thịnh Hạ	102	18	1	358	1	0	0		200								43200			100		
91	Bách Bộ Xuyên Dương Cung (x50)	108	18	1	376	1	0	0		7500								43200			100		
92	Tần Lăng-Mạc Kim Phù (x50)	108	18	1	375	1	0	0		10000								43200			100		
93	Rương Đại Mã Tam	102	18	1	388	1	0	0		831								43200					
94	Rương cổ mộc	102	18	1	389	1	0	0		500								43200					
95	Bách Luyện Hoàn	106	18	1	468	1	0	0		780			1					43200			100		
96	Tiếp Viện Nghĩa Quân (x50)	108	18	1	469	1	0	0		6000								43200			100		
97	Lệnh Bài Nghĩa Quân (x50)	108	18	1	470	1	0	0		400								43200			100		
98	Thẻ đoàn viên	102	18	1	402	1	0	0		100								1440			100		
99	Anh Hùng Thiếp	102	18	1	471	1	0	0		500								43200			100		
100	Bổ Tu Lệnh	103	18	1	479	1	0	0		10000								43200			100		
101	Bộ bản đồ Bí Cảnh	101	18	1	489	1	0	0		2488			1					43200					
102	Bộ bản đồ Bí Cảnh (lớn)	101	18	1	489	2	0	0		4488			1					43200					
103	Bạc khóa Liên Server	102	18	1	490	1	0	0		500			1					43200			100		
104	Tu Luyện Đơn	101	18	1	258	1	0	0		1800			1					43200			100		
105	Tần Lăng-Hòa Thị Bích	108	18	1	377	1	0	0		10000								43200			100		
106	Nguyệt Ảnh Nguyên Thạch	107	22	1	91	2	0	0		100								43200					
109	Nguyệt Ảnh Nguyên Thạch-Rương	107	18	1	530	1	0	0		10000								43200					
107	Bùa sửa phòng cụ cường 15	107	18	3	1	15	0	0		1000								43200			0		
108	Bùa sửa trang sức cường 15	107	18	3	2	15	0	0		1500								43200			0		
110	Du Long Danh Vọng Lệnh (vé)	103	18	1	534	1	0	0		20000								43200			100		
111	Quà Tết	102	18	1	551	1	0	0		400								43200			100		
112	Võ Lâm Cao Thủ Lệnh (sơ) (Kim)	108	18	1	219	1	0	0		500								43200			100		
113	Võ Lâm Cao Thủ Lệnh (sơ) (Mộc)	108	18	1	222	1	0	0		500								43200			100		
114	Võ Lâm Cao Thủ Lệnh (sơ) (Thủy)	108	18	1	225	1	0	0		500								43200			100		
115	Võ Lâm Cao Thủ Lệnh (sơ) (Hỏa)	108	18	1	228	1	0	0		500								43200			100		
116	Võ Lâm Cao Thủ Lệnh (sơ) (Thổ)	108	18	1	231	1	0	0		500								43200			100		
207	Chìa khóa đồng	103	18	1	77	1	1	0		30								43200			100		
208	Chìa khóa bạc	103	18	1	82	1	1	0		60								43200			100		
209	Chìa khóa vàng	103	18	1	187	1	1	0		100								43200			100		
210	Ốc biển truyền thanh (tiểu)	102	18	1	113	1	1	0		50		20	1					43200			100		
211	Ốc biển truyền thanh (trung)	102	18	1	113	2	1	0		200								43200			100		
212	Ốc biển truyền thanh (đại)	102	18	1	113	3	1	0		2000								43200			100		
213	[Mặt nạ] Ông già Noel	103	1	13	44	1	0	0		5000								43200			100		
214	[Mặt nạ] Thiếu nữ Noel	103	1	13	45	1	0	0		5000								43200			100		
215	Huân Chương Huy Hoàng	102	18	1	921	1	0	0		125								43200			100		
216	Thiên lý truyền âm	102	18	1	924	1	0	0		499								43200			100		
217	Thiên lý truyền âm (lớn)	102	18	1	925	1	0	0		2499								43200			100		
218	Giống cây lâu năm	102	18	1	295	1	0	0		165								43200			165		
219	[Mặt nạ] Phương Hành Giác	103	1	13	48	1	0	0		5000								43200			100		
220	[Mặt nạ] Khiên Vân Thủ	103	1	13	49	1	0	0		5000								43200			100		
221	Lệnh bài mở rộng rương Lv2	106	18	1	216	2	0	0		7900								43200			100		
223	Mã bài cấp 120	106	1	12	33	4	0	0		6888								43200					
224	Túi quà thăng cấp	101	18	1	639	1	0	0		2000								43200			100		
225	Túi quà cường hóa	107	18	1	640	1	0	0		2500								43200			100		
226	Túi quà danh vọng	108	18	1	641	1	0	0		6880								43200			100		
227	Than Đá	102	18	1	951	1	0	0		70								43200					
228	Giống cây	102	18	1	953	1	0	0		30								43200					
229	Huyền Chân Đơn	102	18	1	956	1	0	0		12800								43200					
230	Rương Than đá (tiểu)	102	18	1	961	1	0	0		700								43200					
231	Rương Than đá (đại)	102	18	1	961	2	0	0		7000								43200					
232	Giỏ Hoa Tình (10)	103	18	1	606	1	0	0		500								43200			0		
233	Giỏ Hoa Tình (100)	103	18	1	605	1	0	0		5000								43200			0		
234	Giỏ Hoa Tình (1000)	103	18	1	607	1	0	0		50000								43200			0		
235	Anh Hùng Lệnh	108	18	1	667	1	0	0		21888								43200			100		
236	Túi Phúc Huyền Võ	102	18	1	618	1	0	0		200								43200					
237	Túi Phúc Bạch Hổ	102	18	1	619	1	0	0		200								43200					
238	Tử Chân Đơn	102	18	1	956	2	0	0		2500								43200					
239	Huyết Chân Đơn	102	18	1	956	3	0	0		6500								43200					
240	Mã bài (Xích Thố)	106	1	12	34	4	0	0		3000								43200					
241	Mã bài (Bôn Tiêu)	106	1	12	35	4	0	0		6500								43200					
242	Thiên sơn hàn tửu	102	18	1	984	1	0	0		4800								43200					
243	Kỷ niệm chương Thịnh Hạ 2010	108	18	1	669	1	0	0		7000								43200			100		
244	Hoàng Kim Tinh Hoa (Cấp 2)	102	18	1	672	1	0	0		100								43200					
245	Tần Lăng-Hòa Thị Bích	108	18	1	673	1	0	0		8000								43200			100		
246	Tương Tư Thạch	102	18	1	974	1	0	0		59								43200					
247	Không Bạch Tâm Thư	101	18	1	668	1	0	0		20								43200					
248	Ngọc Trúc Mai Hoa	102	19	3	1	7	0	0		800								43200					
249	Trứng gà	102	18	1	681	1	0	0		200								43200					
250	Túi thức ăn	102	18	1	684	1	0	0		100								43200					
251	Hạt giống	102	18	1	686	1	0	0		30								43200					
252	Vàng thô	102	18	1	1029	1	0	0		150								43200					
253	Quả xí muội (sơ)	102	18	1	1035	1	0	0		150								43200					
254	Quả xí muội (trung)	102	18	1	1035	2	0	0		150								43200					
255	Quả xí muội (cao)	102	18	1	1035	3	0	0		150								43200					
256	Hoa hồng	102	18	1	1037	1	0	0		100								43200			0		
257	Kim Châu Ngọc Thúy	102	18	1	1023	1	0	0		100								43200			0		
258	Giỏ hoa hồng	102	18	1	1042	1	0	0		10000								43200			0		
259	Túi Kim Châu Ngọc Thúy	102	18	1	1041	1	0	0		10000								43200			0		
260	Bút lông đặc biệt	102	18	1	1054	1	0	0		100								43200			0		
261	Bạch Hổ Đường Truyền Lệnh	102	18	1	1060	1	0	0		800								43200			0		
262	Bạch Ngọc 	108	18	1	717	1	0	0		7500								43200			100		
263	Que Diêm	102	18	1	1089	1	0	0		50								43200			0		
264	Bình rượu	102	18	1	1095	1	0	0		50								43200			0		
265	Rượu đào thượng hạng	102	18	1	1098	1	0	0		200								43200			0		
267	Thịt Ngỗng	102	18	1	1079	1	0	0		150								43200			0		
268	Hàn Vũ Hồn Châu	102	18	1	510	1	0	0		100								43200			100		
269	Nồi bánh	102	18	1	1121	1	0	0		100								43200			100		
270	Que Diêm	102	18	1	1125	1	0	0		50								43200			100		
271	Mâm vàng	102	18	1	1124	1	0	0		150								43200			100		
272	Huyền Tinh cấp 7	107	18	1	1155	1	0	0		2366								43200			100		
273	Huyền Tinh cấp 7	107	18	1	1155	2	0	0		1690								43200			100		
274	Rương Hồn Thạch (100)	107	18	1	1156	1	0	0		1120								43200			100		
275	Rương Hồn Thạch (100)	107	18	1	1156	2	0	0		800								43200			100		
276	Rương Hồn Thạch (1000)	107	18	1	1157	1	0	0		10920								43200			100		
277	Rương Hồn Thạch (1000)	107	18	1	1157	2	0	0		7800								43200			100		
278	Túi sự kiện	102	18	1	1137	1	0	0		200								43200			100		
279	Kỷ niệm cuộc thi Nữ anh hùng [24 ô]	106	18	1	724	1	0	0		50000								43200			100		
280	Tuyết Hồn	106	1	12	41	4	0	0		9900								43200			100		
281	Tinh Khí Tán-Rương	103	18	1	1172	1	0	0		240								43200			100		
282	Hoạt Khí Tán-Rương	103	18	1	1173	1	0	0		240								43200			100		
283	Bổ Tu Lệnh-Rương	103	18	1	1174	1	0	0		3000								43200			100		
284	Ngựa Xích Thố-Rương	106	18	1	1175	1	0	0		1200								43200			100		
285	Tuyết Hồn Lệnh	108	18	1	727	1	0	0		6000								43200			100		
286	Hạt hi vọng	102	18	1	1197	1	0	0		100								43200			100		
287	Rương chứa đồ 4	106	18	1	730	1	0	0		50000								43200			100		
288	Rương Chân Nguyên-Cao	106	18	1	739	1	0	0		180000								43200			100		
289	Mảnh Lôi Đình Ấn	108	18	1	742	1	0	0		240000								43200			100		
290	Túi quà Năm Rồng Đại Cát	103	18	1	1641	1	0	0		2888								43200			100		
301	Bạch Câu Hoàn	101	18	1	71	1	1	2		36								43200					
302	Đại Bạch Câu Hoàn	101	18	1	71	2	1	2		180								43200					
303	Cường Hiệu Bạch Câu Hoàn	101	18	1	71	3	1	2		540								43200					
305	Huyền Tinh Cấp 1	107	18	1	1	1	1	2		1								43200					
306	Huyền Tinh Cấp 3	107	18	1	1	3	1	2		10								43200					
307	Huyền Tinh Cấp 5	107	18	1	1	5	1	2		130								43200					
308	Huyền Tinh thường (cấp 7)	107	18	1	1	7	1	2		1690								43200					
309	Vô Hạn Truyền Tống Phù (1 tuần)	102	18	1	195	1	1	2	1	400								10080					
310	Vô Hạn Truyền Tống Phù (1 tháng)	102	18	1	195	1	1	2	1	1500								43200					
315	Vô Hạn Hồi Thành Phù (1 tuần)	102	18	1	23	1	1	2	1	200								10080					
316	Vô Hạn Hồi Thành Phù (1 tháng)	102	18	1	23	1	1	2	1	750								43200					
319	Càn Khôn Phù (10)	102	18	1	85	1	1	2		200			1					43200					
322	Cửu Chuyển Tục Mệnh Hoàn	106	18	1	24	1	1	2		40			1					43200					
325	Kim Tê (cấp 4)	103	18	1	2	4	1	2		2900								43200					
326	Kim Tê (cấp 3)	103	18	1	2	3	1	2		300			1					43200					
328	Lệnh bài Tẩy Tủy Đảo	103	18	1	79	1	1	2		500								43200					
329	Mã bài (Đại Uyển Mã)	106	1	12	15	2	1	2	1	120								43200					
330	Mã bài (Ô Truy)	106	1	12	16	2	1	2	1	120								43200					
331	Lệnh Bài Quân Doanh Vô Hạn (1 tháng)	102	20	1	607	1	1	2		200								43200					
332	Lệnh bài chúc phúc (sơ)	108	18	1	212	1	1	2		3000								43200					
333	Lệnh bài chúc phúc (trung)	108	18	1	212	2	1	2		25000								43200					
334	Huyền Tinh vô hạ (cấp 9)	107	18	1	1	9	1	2		28800								43200					
335	Đặc Hiệu Bạch Câu Hoàn	101	18	1	71	4	1	2		1480								43200					
336	Dây cương thần bí	106	18	1	237	1	0	2	1	3000		80						43200					
337	Võ Lâm Mật Tịch (trung)	106	18	1	191	2	0	2		4500		80						43200					
338	Tẩy Tủy Kinh (trung)	106	18	1	192	2	0	2		4500		80						43200					
339	Lệnh Bài Nghĩa Quân	108	18	1	84	1	0	2		50								43200					
340	Lệnh bài thi đấu môn phái (cao)	108	18	1	81	3	0	2		1000								43200					
341	Lệnh Bài Bạch Hổ Đường (cao)	108	18	1	111	3	0	2		500								43200					
342	Lệnh Bài Gia Tộc (cao)	108	18	1	110	3	0	2		1000								43200					
343	Lệnh bài chiến trường (Dương Châu)	108	18	1	112	1	0	2		100								43200					
344	Lệnh bài chiến trường (Phượng Tường)	108	18	1	112	2	0	2		100								43200					
345	Dị Mã Phù	102	18	1	238	1	0	2		288								43200					
346	Rương Hồn Thạch (100 cái)	107	18	1	244	1	0	2		800			1					43200					
347	Rương Hồn Thạch (1000 cái)	107	18	1	244	2	0	2		7800			1					43200					
348	Lệnh bài chúc phúc (cao)	108	18	1	212	3	1	2		58800								43200					
349	Thỏi bạc Tây Sơn	102	18	1	260	1	1	0		500	2							43200			100		
350	Thỏi bạc Tây Sơn (đại)	102	18	1	260	2	1	0		5000	2							43200			100		
351	Thỏi vàng Tây Sơn	102	18	1	261	1	1	0		500	2							43200			100		
352	Thỏi vàng Tây Sơn (đại)	102	18	1	261	2	1	0		5000	2							43200			100		
353	Chìa khóa đồng	103	18	1	77	1	1	2		30								43200					
354	Chìa khóa bạc	103	18	1	82	1	1	2		60								43200					
355	Chìa khóa vàng	103	18	1	187	1	1	2		100								43200					
356	Ốc biển truyền thanh (tiểu)	102	18	1	113	1	1	2		200			1					43200					
357	Ốc biển truyền thanh (trung)	102	18	1	113	2	1	2		1000								43200					
358	Ốc biển truyền thanh (đại)	102	18	1	113	3	1	2		2000								43200					
359	Đại Bạch Câu Hoàn giảm 70%	107	18	1	348	1	1	0		54								43200			100		
360	Càn Khôn Phù giảm 70%	102	18	1	349	1	1	0		60								43200			100		
361	Huyền Tinh 7 giảm 70%	107	18	1	350	7	1	0		672								43200			100		
362	Huyền Tinh 9 giảm 70%	107	18	1	350	9	1	0		8640								43200			100		
363	Dạ Minh Châu-Rương	107	18	1	382	1	0	2		12000			1					43200					
364	Vạn Vật Quy Nguyên Đơn	106	18	1	384	1	0	2		15000			1					43200					
365	Linh Chi Tục Mệnh Hoàn-Rương	106	18	1	241	1	0	2		600			1					43200					
366	Tuyết Sam Phản Khí Hoàn-Rương	106	18	1	242	1	0	2		600			1					43200					
367	Diêu Trì Đại Hoàn Đơn-Rương	106	18	1	243	1	0	2		600			1					43200					
368	Túi lương nghĩa quân	108	18	1	341	1	0	2		120								43200					
369	Liên Đấu Hắc Thiết Bài	108	18	1	215	1	0	2		2000								43200					
370	Liên Đấu Hoàng Kim Bài	108	18	1	215	4	0	2		10000								43200					
371	Bách Bộ Xuyên Dương Cung	108	18	1	263	1	0	2		150								43200					
372	Tần Lăng-Mạc Kim Phù	108	18	1	366	1	0	2		200								43200					
373	Võ Lâm Cao Thủ Lệnh (Kim)	108	18	1	221	3	0	0		500								43200			100		
374	Võ Lâm Cao Thủ Lệnh (Mộc)	108	18	1	224	3	0	0		500								43200			100		
375	Võ Lâm Cao Thủ Lệnh (Thủy)	108	18	1	227	3	0	0		500								43200			100		
376	Võ Lâm Cao Thủ Lệnh (Hỏa)	108	18	1	230	3	0	0		500								43200			100		
377	Võ Lâm Cao Thủ Lệnh (Thổ)	108	18	1	233	3	0	0		500								43200			100		
378	Bánh ít bát bảo	106	18	1	326	2	0	2		8000								43200					
379	Bánh ít thập cẩm	106	18	1	326	3	0	2		8000								43200					
380	Tần Lăng-Hòa Thị Bích	108	18	1	356	1	0	0		8000								43200			100		
381	Bách Bộ Xuyên Dương Cung (x50)	108	18	1	376	1	0	2		7500								43200					
382	Tần Lăng-Mạc Kim Phù (x50)	108	18	1	375	1	0	2		10000								43200					
383	Thỏi bạc bang hội (-50%) (lớn)	102	18	1	399	2	1	0		5000								43200			100		
384	Bách Luyện Hoàn	106	18	1	468	1	0	2		1500			1					43200					
385	Tiếp Viện Nghĩa Quân (x50)	108	18	1	469	1	0	2		6000								43200					
386	Lệnh Bài Nghĩa Quân (x50)	108	18	1	470	1	0	2		400								43200					
387	Bổ Tu Lệnh	102	18	1	479	1	0	2		20000								43200					
388	Tu Luyện Đơn	101	18	1	258	1	0	2		4000			1					43200			100		
389	Băng Cơ Ngọc Liên	102	18	1	648	1	0	0		30000								43200			100		
390	Danh Túc Tâm Đắc	102	18	1	649	1	0	0		99								43200			100		
391	Túi quà Tu Luyện Đơn	101	18	1	650	1	0	0		1800								43200					
392	Túi quà Lệnh bài chúc phúc	108	18	1	651	1	0	0		58800								43200			50		
393	Túi quà Huyền Tinh cấp 7	107	18	1	652	1	0	0		2250								43200			50		
394	Túi quà Huyền Tinh cấp 9	107	18	1	653	1	0	0		28900								43200			50		
395	Túi quà rương Hồn Thạch nhỏ	107	18	1	654	1	0	0		850								43200			0		
396	Túi quà rương Hồn Thạch lớn	107	18	1	655	1	0	0		8500								43200			0		
397	Túi quà Bạch Câu Hoàn đặc biệt	101	18	1	656	1	0	0		7400								43200			50		
398	Tuyết Linh Thạch	102	18	1	962	1	0	0		99								43200			100		
399	Bạc khóa quân đoàn (1000 đồng)	102	18	1	964	1	0	0		1000	2							43200			100		
400	Bạc khóa quân đoàn (10000 đồng)	102	18	1	965	1	0	0		10000	2							43200			100		
401	Tuyết Linh Thạch	102	18	1	962	1	0	2		99								43200			100		
402	Kênh phân phối nhiệm vụ tiêu hao vật phẩm	102	18	1	993	1	0	0		1	2							43200			100		
403	Kênh phân phối nhiệm vụ tiêu hao vật phẩm	102	18	1	993	2	0	0		10	2							43200			100		
404	Kênh phân phối nhiệm vụ tiêu hao vật phẩm	102	18	1	993	3	0	0		100	2							43200			100		
405	Kênh phân phối nhiệm vụ tiêu hao vật phẩm	102	18	1	993	4	0	0		1000	2							43200			100		
406	Lệnh bài mở rộng rương Lv2	106	18	1	216	2	0	2		7900								43200			100		
407	Túi Phúc Tinh Long	102	18	1	1048	1	0	0		200								43200					
408	Túi Phúc Lệnh Bài	102	18	1	1049	1	0	0		200								43200					
409	Túi Phúc Kim Ngân	102	18	1	1050	1	0	0		200								43200					
410	Túi Phúc Hoa Hạ	102	18	1	1051	1	0	0		200								43200					
411	Rương Mật Tịch (cao)	102	18	1	1052	1	0	0		10000								43200					
412	Túi Phúc Huyền Thiên	102	18	1	1092	1	0	0		200								43200					
413	Túi Phúc Bảo Ngân	102	18	1	1093	1	0	0		200								43200					
414	Túi Phúc Dương Châu	102	18	1	1094	1	0	0		200								43200					
415	Lệnh bài điểm nhiệm vụ kinh nghiệm (5 điểm)	102	18	1	1117	1	0	0		5								43200			100		
416	Lệnh bài điểm nhiệm vụ kinh nghiệm (10 điểm)	102	18	1	1117	2	0	0		10								43200			100		
417	Lệnh bài điểm nhiệm vụ kinh nghiệm (100 điểm)	102	18	1	1117	3	0	0		100								43200			100		
418	Túi Phúc Năm Mới	102	18	1	1118	3	0	0		100								43200					
419	Túi Phúc Cửu Long	102	18	1	1118	4	0	0		200								43200					
420	Túi Phúc Thần Châu	102	18	1	1118	5	0	0		200								43200					
421	Túi Phúc Thiên Điệp	102	18	1	1170	1	0	0		200								43200					
422	Túi Phúc Đồng Hành	102	18	1	1170	2	0	0		200								43200					
423	Túi Phúc Như Ý	102	18	1	1170	3	0	0		200								43200					
424	Lá dong	102	18	1	1212	1	0	0		150								43200			100		
425	Túi Phúc Lăng Vân	102	18	1	1249	8	0	0		200								43200					
426	Túi Phúc Cô Tinh	102	18	1	1249	9	0	0		200								43200					
427	Túi Phúc Chiến Thần	102	18	1	1249	10	0	0		200								43200					
428	Túi Phúc Võ Thần	102	18	1	1249	11	0	0		200								43200					
429	Lương khô	102	18	1	1263	1	0	0		100								43200			100		
430	Cán cờ	102	18	1	1269	1	0	0		100								43200			100		
431	Bách Bộ Xuyên Dương Cung x50	108	18	1	1280	1	0	0		5000								43200			100		
432	Tần Lăng-Mạc Kim Phù x50	108	18	1	1279	1	0	0		5000								43200			100		
433	Tần Lăng-Hòa Thị Bích	108	18	1	1278	1	0	0		7000								43200			100		
434	Lệnh bài tam tu	102	18	1	1274	1	0	0		100								43200			100		
435	Túi phúc Tuyết Hồn (vị trí)	102	18	1	1283	1	0	0		200								43200					
436	Túi Huyền Tinh cấp 5	107	18	1	1287	1	0	0		180								43200			100		
437	Túi Huyền Tinh cấp 5 (lớn)	107	18	1	1288	1	0	0		1800								43200			100		
438	Túi Huyền Tinh cấp 7 (lớn)	107	18	1	1289	1	0	0		22500								43200			100		
439	Đạo cụ VIP thăng cấp tiêu hao của người mời	0	18	1	1291	2	0	0		70000	2							43200			100		
440	Túi quà VIP mua trang bị của người mời	0	18	1	1291	3	0	0		35000	2							43200			100		
441	Túi phúc mừng tròn năm (vị trí)	102	18	1	1298	2	0	0		200								43200					
442	Bách Bảo Cẩm Nang 	102	18	1	1303	1	0	0		150								43200					
443	Lá xanh mừng sinh nhật	102	18	1	1330	1	0	0		100								43200			100		
444	Giải Ngọc Chùy	107	18	1	1312	1	0	0		300								43200					
445	Bạc khóa Liên Server (đại)	102	18	1	490	2	0	0		50000								43200			100		
446	Chân Nguyên Lịch Luyện Hoàn	106	18	1	1350	1	0	0		500								43200			100		
447	Nguyệt Ảnh Khoáng Thạch	107	22	1	106	1	0	0		9900								43200					
448	Tinh Khí Tán giảm 60% (nhỏ) x5	0	18	1	1361	1	0	0		80								43200					
449	Hoạt Khí Tán giảm 60% (nhỏ) x5	0	18	1	1361	2	0	0		80								43200					
450	Bùa độ thân mật đồng hành_1 ngày (Vị trí Mã Lai)	102	18	1	1353	1	0	0		400								43200					
451	Bùa độ thân mật đồng hành_7 ngày	102	18	1	1353	2	0	0		4000								43200					
452	Bùa độ thân mật đồng hành_30 ngày	102	18	1	1353	3	0	0		40000								43200					
453	Bùa độ thân mật đồng hành_1 ngày (Vị trí Mã Lai)	102	18	1	1354	1	0	0		500								43200					
454	Bùa độ thân mật đồng hành_7 ngày	102	18	1	1354	2	0	0		5000								43200					
455	Bùa độ thân mật đồng hành_30 ngày	102	18	1	1354	3	0	0		50000								43200					
456	Bùa độ thân mật đồng hành_1 ngày (Vị trí Mã Lai)	102	18	1	1355	1	0	0		600								43200					
457	Bùa độ thân mật đồng hành_7 ngày	102	18	1	1355	2	0	0		6000								43200					
458	Bùa độ thân mật đồng hành_30 ngày	102	18	1	1355	3	0	0		60000								43200					
459	Túi phúc mặt nạ (Vị trí)	102	18	1	1363	1	0	0		200								43200					
460	[Mặt] Tuyệt Thế Quán (Vị trí phiên bản Đài Loan)	102	1	13	66	10	0	0		8000								43200					
461	[Mặt] Quân Lâm Miện	102	1	13	67	10	0	0		7000								43200					
462	Chứng nhận tư cách chuyển nhân vật	102	18	1	1364	1	0	0		5000								43200					
463	Dây Thần Tiên	102	18	1	1364	2	0	0		5000								43200					
464	Mã Lai_Vị trí vật phẩm	102	18	1	1477	1	0	0		200								43200					
465	Mã Lai	102	18	1	1478	1	0	0		200								43200					
466	Mã Lai	102	18	1	1479	1	0	0		200								43200					
467	Thẻ chúc phúc_Dũng Sĩ Hàn Vũ	102	18	1	1469	1	0	0		100								43200			100		
468	Mã Lai_Vị trí vật phẩm	102	18	1	1477	2	0	0		200								43200					
469	Mã Lai	102	18	1	1477	3	0	0		200								43200					
470	Mã Lai	102	18	1	1477	4	0	0		200								43200					
471	Mã Lai_Vị trí vật phẩm	102	18	1	1478	2	0	0		200								43200					
472	Mã Lai	102	18	1	1478	3	0	0		200								43200					
473	Mã Lai	102	18	1	1478	4	0	0		200								43200					
474	Mã Lai_Vị trí vật phẩm	102	18	1	1479	2	0	0		200								43200					
475	Mã Lai	102	18	1	1479	3	0	0		200								43200					
476	Mã Lai	102	18	1	1479	4	0	0		200								43200					
477	Túi phúc Tuyết Hồn (vị trí)	102	18	1	1499	1	0	0		200								43200					
478	Túi phúc Tuyết Hồn (vị trí)	102	18	1	1500	1	0	0		200								43200					
479	Túi phúc Tuyết Hồn (vị trí)	102	18	1	1501	1	0	0		200								43200					
480	Túi phúc Tuyết Hồn (vị trí)	102	18	1	1502	1	0	0		200								43200					
481	Túi phúc Tuyết Hồn (vị trí)	102	18	1	1503	1	0	0		200								43200					
482	Túi phúc Tuyết Hồn (vị trí)	102	18	1	1504	1	0	0		200								43200					
483	Túi phúc Tuyết Hồn (vị trí)	102	18	1	1505	1	0	0		200								43200					
484	Túi phúc Tuyết Hồn (vị trí)	102	18	1	1506	1	0	0		200								43200					
492	[Mặt nạ] Kim Mao Sư Vương (Tháng) (Vị trí)	102	1	13	148	10	0	0		6000								43200					
493	[Mặt nạ] Kim Mao Sư Vương (Tuần)	102	1	13	149	10	0	0		1500								10080					
494	[Mặt nạ] Bích Huyết Ngân Thương (Tháng)	102	1	13	150	10	0	0		6000								43200					
495	[Mặt nạ] Bích Huyết Ngân Thương (Tuần)	102	1	13	151	10	0	0		1500								10080					
496	[Mặt nạ] Lê Oa Thiển Tiếu (Tháng)	102	1	13	152	10	0	0		6000								43200					
497	[Mặt nạ] Lê Oa Thiển Tiếu (Tuần)	102	1	13	153	10	0	0		1500								10080					
498	[Mặt nạ] Quân Lâm Miện (3 ngày)	102	1	13	154	10	0	0		600								4320					
499	[Mặt nạ] Quân Lâm Miện (14 ngày)	102	1	13	155	10	0	0		2700								20160					
500	[Mặt nạ] Tuyệt Thế Quan (3 ngày)	102	1	13	156	10	0	0		450								4320					
501	[Mặt nạ] Tuyệt Thế Quan (14 ngày)	102	1	13	157	10	0	0		2000								20160					
502	Khuynh thành khuynh quốc	102	18	1	1284	5	0	0		3000								43200					
503	Quốc sắc thiên hương	102	18	1	1284	4	0	0		3000								43200					
504	Dĩnh Tảo Nghi	102	18	1	1284	3	0	0		3000								43200					
505	Yến Ngữ Oanh Đề	102	18	1	1284	2	0	0		1000								43200					
506	Long Câu Phượng Sồ	102	18	1	1284	11	0	0		3000								43200					
507	Bích Huyết Đơn Tâm	102	18	1	1284	12	0	0		3000								43200					
508	Anh hùng loạn thế	102	18	1	1284	10	0	0		2000								43200					
509	Anh hùng cái thế	102	18	1	1284	9	0	0		1000								43200					
510	Anh hùng quả cảm	102	18	1	1284	8	0	0		1000								43200					
511	Anh hùng dân gian	102	18	1	1284	6	0	0		1000								43200					
512	Anh hùng vô danh	102	18	1	1284	7	0	0		1000								43200					
513	Nhàn Vân Dã Hạc	102	18	1	1284	1	0	0		1000								43200					
514	[Mặt nạ] Cơ Quan Nhân (Tuần)	102	1	13	158	10	0	0		1200								43200					
515	[Mặt nạ] Cơ Quan Nhân (Tháng)	102	1	13	159	10	0	0		5000								43200					
516	VIP mua túi quà trang bị cấp 1 (phiên bản Đài Loan)	0	18	1	1494	1	0	0		3000	2							43200			100		
517	VIP mua túi quà trang bị cấp 2	0	18	1	1494	2	0	0		7000	2							43200			100		
518	VIP mua túi quà trang bị cấp 3	0	18	1	1494	3	0	0		15000	2							43200			100		
519	Tinh Khí Tán giảm 60% (Hồi 1500)	0	18	1	1518	1	0	0		120								43200			100		
520	Hoạt Khí Tán giảm 60% (Hồi 1500)	0	18	1	1519	1	0	0		120								43200			100		
521	Lệnh bài gọi BOSS gia tộc	0	18	1	1520	1	0	0		300								10080					
522	Nhàn Vân Dã Hạc	109	18	1	1284	1	0	3		1000								43200			0		1
523	Yến Ngữ Oanh Đề	109	18	1	1284	2	0	3		5000								43200			0		1
524	Dĩnh Tảo Nghi	109	18	1	1284	3	0	3		50000								43200			0		1
525	Quốc sắc thiên hương	109	18	1	1284	4	0	3		800000								43200			0	8	1
526	Khuynh thành khuynh quốc	109	18	1	1284	5	0	3		800000								43200			0	8	1
527	Anh hùng dân gian	109	18	1	1284	6	0	3		2000								43200			0		1
528	Anh hùng vô danh	109	18	1	1284	7	0	3		3000								43200			0		1
529	Anh hùng quả cảm	109	18	1	1284	8	0	3		5000								43200			0		1
530	Anh hùng cái thế	109	18	1	1284	9	0	3		10000								43200			0		1
531	Anh hùng loạn thế	109	18	1	1284	10	0	3		50000								43200			0		1
532	Long Câu Phượng Sồ	109	18	1	1284	11	0	3		800000								43200			0	8	1
533	Bích Huyết Đơn Tâm	109	18	1	1284	12	0	3		800000								43200			0	8	1
534	Bé trai vui vẻ	110	1	13	3	1	0	3		2000								43200			0		0
535	Bé gái vui vẻ	110	1	13	4	1	0	3		2000								43200			0		0
536	Nhị A	110	1	13	17	1	0	3		3000								43200			0		0
537	Bảo Quả Tử	110	1	13	16	1	0	3		3000								43200			0		0
538	Tân Niên Hiệp Khách	110	1	13	18	1	0	3		8000								43200			0		0
539	Tân Niên Hiệp Nữ	110	1	13	19	1	0	3		8000								43200			0		0
540	Đậu Hạo	110	1	13	145	1	0	3		20000								43200			0		0
541	Khuynh Thế	110	1	13	146	1	0	3		20000								43200			0		0
542	Đường Bá Hổ	110	1	13	140	1	0	3		50000								43200			0		0
543	Thu Hương	110	1	13	141	1	0	3		50000								43200			0		0
544	Ốc Đức Ca Phổ	110	1	13	142	1	0	3		800000								86400			0	8	0
545	Thần Tài	110	1	13	143	1	0	3		800000								86400			0	8	0
546	Tần Thủy Hoàng	110	1	13	144	1	0	3		800000								86400			0	8	0
547	Xích Thố-Rương	111	18	1	1285	1	0	3		20000								43200			0	3	0
548	Hổ Cát Tường-Rương	111	18	1	1285	2	0	3		10000								43200			0		1
549	Tuyết Hồn-Rương	111	18	1	1285	3	0	3		60000								43200			0	6	0
550	Lam Kỳ Lân-Rương	111	18	1	1285	4	0	3		5000000								43200			0	8	0
551	Ức Vân-Rương	111	18	1	1285	5	0	3		1000000								43200			0	9	0
552	Hỏa Kỳ Lân-Rương	111	18	1	1285	6	0	3		8000000								43200			0	9	0
553	Trang bị 20% cấp 8	112	18	1	1202	1	0	3		200000								43200			0		1
554	Trang bị 20% cấp 9	112	18	1	1203	1	0	3		500000								43200			0		1
555	Trang bị 20% cấp 10	112	18	1	1204	1	0	3		800000								43200			0		1
556	Trang bị 4% cấp 10	112	18	1	1209	1	0	3		2000000								43200			0		1
557	Huyền Tinh cấp 5	113	18	1	114	5	0	3		10000		60						43200			0	1	1
558	Huyền Tinh cấp 6	113	18	1	114	6	0	3		35000		60						43200			0	1	1
559	Huyền Tinh cấp 7	113	18	1	114	7	0	3		119000		60						43200			0	2	1
560	Huyền Tinh cấp 8	113	18	1	114	8	0	3		415000		60						43200			0	3	1
561	Huyền Tinh cấp 9	113	18	1	114	9	0	3		1440000		60						43200			0	6	1
562	Huyền Tinh cấp 10	113	18	1	114	10	0	3		1000000								43200			0		1
563	Tiền Du Long (100)	113	18	1	1286	1	0	3		150000								43200			0	2	1
564	Rương Hồn Thạch (500)	113	18	1	244	3	0	3		50000								43200			0	2	1
565	Trang Bị Truyền Phù	113	18	1	1198	1	0	3		20000								43200			0	2	1
566	Trang Bị Trọng Chú Phù	113	18	1	1199	1	0	3		10000								43200			0	2	1
567	Cánh Tình Yêu	110	1	25	40	1	0	3		1000000								86400			0	8	0
568	Cánh Tình Yêu	110	1	25	41	1	0	3		1000000								86400			0	8	0
569	Cánh Tình Yêu	110	1	25	40	1	0	3		5000								10080			0	8	0
570	Cánh Tình Yêu	110	1	25	41	1	0	3		5000								10080			0	8	0
573	Rương bảo thạch cấp 3 (thường)	102	18	1	1552	1	0	0		200								43200					
574	Rương bảo thạch cấp 4 (thường)	102	18	1	1553	1	0	0		200								43200					
575	Rương bảo thạch cấp 5 (thường)	102	18	1	1554	1	0	0		200								43200					
576	Rương bảo thạch cấp 3 (đặc biệt)	102	18	1	1555	1	0	0		200								43200					
577	Rương bảo thạch cấp 4 (đặc biệt)	102	18	1	1556	1	0	0		200								43200					
578	Rương bảo thạch cấp 5 (đặc biệt)	102	18	1	1557	1	0	0		200								43200					
579	Túi Phúc Năm Mới	102	18	1	1558	1	0	0		200								43200					
580	Túi phúc vui vẻ	102	18	1	1559	1	0	0		200								43200					
581	Mảnh Lôi Đình Ấn	112	18	1	741	1	0	3		1000000								0			0		1
582	Lôi Đình Ấn	112	1	16	14	2	0	3		8000000								0			0	9	1
583	[Mặt nạ] Cậu bé giáng sinh_Gấu con (Lam)	103	1	13	164	10	0	0		1888								43200					
584	[Mặt nạ] Cô bé giáng sinh_Gấu con (Lam)	103	1	13	165	10	0	0		1888								43200					
585	[Mặt nạ] Cậu bé giáng sinh_Người tuyết (Đỏ)	103	1	13	166	10	0	0		1888								43200					
586	[Mặt nạ] Cô bé giáng sinh_Người tuyết (Đỏ)	103	1	13	167	10	0	0		1888								43200					
587	[Mặt nạ] Cậu bé giáng sinh_Gấu con (Tím)	103	1	13	168	10	0	0		1888								43200					
588	[Mặt nạ] Cô bé giáng sinh_Gấu con (Tím)	103	1	13	169	10	0	0		1888								43200					
589	Thẻ Cầu Nguyện Năm Mới	0	18	1	1633	1	0	0		100								10080					
590	Cánh Bá Điệp	110	1	26	38	1	0	3		500000								86400				7	0
591	Cánh Yêu Tinh	110	1	26	39	1	0	3		500000								86400				7	0
592	Cánh Sí Viêm	110	1	26	40	1	0	3		1000000								86400				8	0
593	Cánh Tinh Linh	110	1	26	41	1	0	3		1000000								86400				8	0
594	Cánh Bá Điệp	110	1	26	38	1	0	3		10000								10080				7	0
595	Cánh Yêu Tinh	110	1	26	39	1	0	3		10000								10080				7	0
596	Cánh Sí Viêm	110	1	26	40	1	0	3		20000								10080				8	0
597	Cánh Tinh Linh	110	1	26	41	1	0	3		20000								10080				8	0
598	[Mặt nạ] Cậu bé giáng sinh_Gấu con (Đỏ)	102	1	13	170	10	0	0		1888								43200					
599	[Mặt nạ] Cô bé giáng sinh_Gấu con (Đỏ)	102	1	13	171	10	0	0		1888								43200					
600	Túi Phúc Đài Loan_Vị trí	102	18	1	1640	1	0	0		200								43200					
601	Màu đỏ chân tình	103	18	1	1655	1	0	0		599		50						43200					
602	Tình sâu như biển	103	18	1	1656	1	0	0		1999		50						43200					
603	Màu xanh kiều diễm	103	18	1	1657	1	0	0		1199		50						43200					
604	Khuynh quốc khuynh thành	103	18	1	1658	1	0	0		3999		50						43200					
605	Tình yêu vĩnh hằng	103	18	1	1659	1	0	0		5999		50						43200					
606	Tiếng sét ái tình	103	1	1	101	1	0	0		1999								43200					
607	Tâm Như Hải	103	1	1	101	2	0	0		9999								43200					
608	Túi Phúc Đài Loan_Vị trí	102	18	1	1664	1	0	0		200								43200					
609	Bùa Gọi Tinh Linh Hoa Hồng	103	18	1	1663	2	0	0		999								43200					
614	Hồ Lô	103	18	1	1728	1	0	0		10								43200					
615	Hồ Lô-Rương	103	18	1	1728	2	0	0		1000								43200					
616	Bánh Hạt Sen	103	18	1	1743	1	0	0		30								43200			100		
617	Vị trí Túi Phúc Tây Vực Long Hồn	102	18	1	1739	1	0	0		200								43200					
618	Quả Thắng Lợi (Nhỏ)	102	18	1	1731	1	0	0		100								43200			100		
619	Quả Thắng Lợi (Lớn)	102	18	1	1731	2	0	0		300								43200			100		
620	Vật phẩm thăng cấp	102	18	1	1731	3	0	0		500								43200			100		
621	Cành Ô-liu	103	18	1	1770	1	0	0		20								43200			100		
622	Cành Ô-liu-Rương	103	18	1	1771	2	0	0		2000								43200					
623	Lệnh Bài Danh Vọng Đại Hội Võ Lâm (Nhỏ)	103	18	1	1772	1	1	0		660								43200			0		
624	Tình-Lời Hoa Hồng	114	18	1	1786	1	0	0		9999		50						43200			100		
625	Giải Tâm Ngọc	103	18	1	1779	1	0	0		10								43200			0		
626	Yến Tiểu Lâu	112	18	1	666	11	0	3		8000000								43200			0	9	1
627	Đèn Lồng Cát Tường_Trả phí	103	18	1	1812	1	0	0		100								1440			0		1
628	Que Diêm_Trả phí	103	18	1	1813	1	0	0		100								1440			0		1
629	Trung Thu-Bánh Trung Thu Thủy Tinh_Trả phí	103	18	1	1814	1	0	0		100								1440			0		1
630	Quà Mừng Quốc Khánh	103	18	1	1821	1	0	0		500								10080			0		1
631	[Tân-Kiếm Thế] Túi Quà Hào Hoa	103	18	1	1840	1	0	0		28880		10						43200			0		
632	Tấm lót chuột mỹ nữ 3D (có hạn)-Tiểu Long Nữ	112	18	1	1847	1	0	3		600000								43200			0	6	1
633	Gối ôm (có hạn)-Tiểu Long Nữ	112	18	1	1847	2	0	3		1200000								43200			0	6	1
634	Tam Sinh Thạch-Tên và giới tính	103	18	1	1871	1	0	0		38800								43200			100		
635	Chuông Giáng Sinh	103	18	1	1880	1	0	0		10								43200					
636	Chuông Giáng Sinh-Rương	103	18	1	1906	1	0	0		500								43200					
637	Mã vé nạp thẻ-188 NDT	103	18	1	1905	1	0	0		5199								43200					
638	Bộ Giáng Sinh	115	18	1	1879	2	0	0		2888								43200			100		
639	Thẻ Cát Tường [Phúc]	103	18	1	1916	1	0	0		88								43200					
640	Thẻ Cát Tường [Lộc]	103	18	1	1917	1	0	0		88								43200					
641	Thẻ Cát Tường [Thọ]	103	18	1	1918	1	0	0		88								43200					
642	Câu Đối Hoa Đăng [Chưa giám định]	103	18	1	1927	1	0	0		8								43200					
643	Bánh Trôi Ngon	103	18	1	1932	1	0	0		10								43200					
644	Bánh Trôi Ngon [Chén]	103	18	1	1933	1	0	0		1000								43200					
645	Hồng bao hoàn trả Đồng khóa	103	18	1	1994	1	0	0		500								43200					
646	Rương Thần Sa Thiên (pve)	103	18	1	1981	1	0	0		2500								43200					
647	Rương Thần Sa Thiên (pvp)	103	18	1	1980	1	0	0		2500								43200					
648	Tín vật Yến Tiểu Lâu	108	18	1	1999	1	0	0		240000								43200			100		
649	Tự động sử dụng tín vật Yến Tiểu Lâu	108	18	1	1999	2	0	0		240000								43200			100		
650	Rương Thần Sa Thiên (pve)	103	18	1	1981	2	0	0		2500								43200					
651	Rương Thần Sa Thiên (pvp)	103	18	1	1980	2	0	0		2500								43200					
652	Tín vật Yến Tiểu Lâu tự động dùng ưu đãi 20%%	108	18	1	1999	3	0	0		192000								43200			100		
653	Thú cưỡi thăng cấp vip tự động tiêu hao Tuyết Vũ	107	18	1	2014	1	0	0		70000	2							43200					
654	Thú cưỡi thăng cấp vip tự động tiêu hao Mị Vũ	107	18	1	2014	2	0	0		70000	2							43200					
655	Vị trí đạo cụ nhân vật thoái ẩn	103	18	1	2015	1	0	0		1000								43200					1
656	Vị trí đạo cụ nhân vật tái xuất	103	18	1	2016	1	0	0		500								43200					1
657	Vũ Linh Châu	108	18	1	2021	1	0	0		100								43200					
658	Vũ Linh Châu [x2]	108	18	1	2022	1	0	0		100								43200					
659	Phiếu Vui Vẻ Cát Tường	103	18	1	2017	1	0	0		999								7200			100		
660	Phiếu Vui Vẻ Như Ý	103	18	1	2017	2	0	0		1999								7200			100		
661	Tam Sinh Thạch-Tên	103	18	1	2078	1	0	0		21888								43200			100		
662	Tam Sinh Thạch-Giới tính	103	18	1	2079	1	0	0		18888								43200			100		
663	Túi Phúc Đài Loan_Vị trí	102	18	1	1875	1	0	0		200								43200					
664	Túi Phúc Đài Loan_Vị trí	102	18	1	2080	1	0	0		200								43200					
665	Túi Phúc Đài Loan_Vị trí	102	18	1	2081	1	0	0		200								43200					
666	Giải Ngọc Chùy-Rương	107	18	1	2093	1	0	0		19000								43200					
667	Hương Nang Đoan Ngọ	103	18	1	2095	1	0	0		10								43200					
668	Hương Nang Đoan Ngọ-Túi	103	18	1	2095	2	0	0		500								43200					
669	Tinh Khí Tán giảm 60% (Hồi 1000)	0	18	1	1518	2	0	0		48								43200			100		
670	Hoạt Khí Tán giảm 60% (Hồi 1000)	0	18	1	1519	2	0	0		48								43200			100		
1221	Túi Đồng Lan Lăng	0	18	1	1816	1	0	0		-100								43200					
1222	Túi Đồng Lưu Vân	0	18	1	1816	2	0	0		-200								43200					
1223	Túi Đồng Minh Nguyệt	0	18	1	1816	3	0	0		-500								43200					
1224	Túi Đồng Chiêu Dương	0	18	1	1816	4	0	0		-1000								43200					
1225	Túi Đồng Thương Khung	0	18	1	1816	5	0	0		-10000								43200					
1226	Lệnh bài thi đấu môn phái (sơ)	108	18	1	81	1	1	0		2000								43200			100		
1227	Lệnh bài gia tộc (sơ)	108	18	1	110	1	1	0		2000								43200			100		
1228	Lệnh bài thi đấu môn phái (sơ)	108	18	1	81	1	1	2		2000								43200			100		
1229	Lệnh bài gia tộc (sơ)	108	18	1	110	1	1	2		2000								43200			100		
1230	Hộp Quà Lan Lăng 	102	18	1	1815	1	0	2		100	1		1					43200					
1231	Hộp Quà Lưu Vân 	102	18	1	1815	2	0	2		200	1		1					43200					
1232	Hộp Quà Minh Nguyệt 	102	18	1	1815	3	0	2		500	1		1					43200					
1233	Hộp Quà Chiêu Dương 	102	18	1	1815	4	0	2		1000	1		1					43200					
1234	Hộp Quà Thương Khung 	102	18	1	1815	5	0	2		10000	1		1					43200					
20077	Rương Thiên Niên Linh Quả	101	18	1	20312	1	0	0		600								43200			0			
20082	Thiên Niên Linh Quả	101	18	1	20301	1	0	0		60								43200			0			
20115	Chìa Càn Khôn	102	18	1	20451	1	0	0		240								43200			0		1	
