Money	BindMoney	Genre	Detail	Particular	Level	RandRate	LuckyRate	Name
		2	9	409	9	30		×Ï×°PVP_¹÷ÉÙ¡¢ÌìÍõÒìÉñ¿ø
		2	9	410	10	15		×Ï×°PVP_¹÷ÉÙ¡¢ÌìÍõÍÌÁú¿ø
		2	9	419	9	15		×Ï×°PVP_¹÷ÉÙ¡¢ÌìÍõÁúÁÛ¿ø
		2	9	420	10	8		×Ï×°PVP_¹÷ÉÙ¡¢ÌìÍõ·ïÃß¿ø
		2	9	429	9	30		×Ï×°PVP_µ¶ÉÙÇàÉ··¢¹Ú
		2	9	430	10	15		×Ï×°PVP_µ¶ÉÙÉ½¹í·¢¹Ú
		2	9	439	9	15		×Ï×°PVP_µ¶ÉÙ³àëàÃæÕÖ
		2	9	440	10	8		×Ï×°PVP_µ¶ÉÙõõÆ¤ÃæÕÖ
		2	9	449	9	30		×Ï×°PVP_µ¶¶¾¡¢ÌÆÃÅ¡¢Ã÷½ÌÇàÉ··¢¹Ú
		2	9	450	10	15		×Ï×°PVP_µ¶¶¾¡¢ÌÆÃÅ¡¢Ã÷½ÌÉ½¹í·¢¹Ú
		2	9	459	9	15		×Ï×°PVP_µ¶¶¾¡¢ÌÆÃÅ¡¢Ã÷½Ì³àëàÃæÕÖ
		2	9	460	10	8		×Ï×°PVP_µ¶¶¾¡¢ÌÆÃÅ¡¢Ã÷½ÌõõÆ¤ÃæÕÖ
		2	9	469	9	30		×Ï×°PVP_ÕÆ¶¾¾øÓñÊø¶î
		2	9	470	10	15		×Ï×°PVP_ÕÆ¶¾×Ï½ðÊø¶î
		2	9	479	9	15		×Ï×°PVP_ÕÆ¶¾ÖìÈ¸·¢½á
		2	9	480	10	8		×Ï×°PVP_ÕÆ¶¾Ú¤µû·¢½á
		2	9	489	9	30		×Ï×°PVP_Ö¸¶ÎÒìÉñ¿ø
		2	9	490	10	15		×Ï×°PVP_Ö¸¶ÎÍÌÁú¿ø
		2	9	499	9	15		×Ï×°PVP_Ö¸¶ÎÁúÁÛ¿ø
		2	9	500	10	8		×Ï×°PVP_Ö¸¶Î·ïÃß¿ø
		2	9	509	9	30		×Ï×°PVP_Æø¶Î¡¢´äÑÌ¡¢¶ëáÒ¾øÓñÊø¶î
		2	9	510	10	15		×Ï×°PVP_Æø¶Î¡¢´äÑÌ¡¢¶ëáÒ×Ï½ðÊø¶î
		2	9	519	9	15		×Ï×°PVP_Æø¶Î¡¢´äÑÌ¡¢¶ëáÒÖìÈ¸·¢½á
		2	9	520	10	8		×Ï×°PVP_Æø¶Î¡¢´äÑÌ¡¢¶ëáÒÚ¤µû·¢½á
		2	9	529	9	30		×Ï×°PVP_Õ½ÈÌÒìÉñ¿ø
		2	9	530	10	15		×Ï×°PVP_Õ½ÈÌÍÌÁú¿ø
		2	9	539	9	15		×Ï×°PVP_Õ½ÈÌÁúÁÛ¿ø
		2	9	540	10	8		×Ï×°PVP_Õ½ÈÌ·ïÃß¿ø
		2	9	549	9	30		×Ï×°PVP_Ä§ÈÌ¡¢Ø¤°ïÇàÉ··¢¹Ú
		2	9	550	10	15		×Ï×°PVP_Ä§ÈÌ¡¢Ø¤°ïÉ½¹í·¢¹Ú
		2	9	559	9	15		×Ï×°PVP_Ä§ÈÌ¡¢Ø¤°ï³àëàÃæÕÖ
		2	9	560	10	8		×Ï×°PVP_Ä§ÈÌ¡¢Ø¤°ïõõÆ¤ÃæÕÖ
		2	9	569	9	30		×Ï×°PVP_½£ÎäÒìÉñ¿ø
		2	9	570	10	15		×Ï×°PVP_½£ÎäÍÌÁú¿ø
		2	9	579	9	15		×Ï×°PVP_½£ÎäÁúÁÛ¿ø
		2	9	580	10	8		×Ï×°PVP_½£Îä·ïÃß¿ø
		2	9	589	9	30		×Ï×°PVP_ÆøÎä¡¢À¥ÂØ¾øÓñÊø¶î
		2	9	590	10	15		×Ï×°PVP_ÆøÎä¡¢À¥ÂØ×Ï½ðÊø¶î
		2	9	599	9	15		×Ï×°PVP_ÆøÎä¡¢À¥ÂØÖìÈ¸·¢½á
		2	9	600	10	8		×Ï×°PVP_ÆøÎä¡¢À¥ÂØÚ¤µû·¢½á
		2	9	809	9	6		³È×°PVP_¹÷ÉÙ¡¢ÌìÍõÒìÉñ¿ø
		2	9	810	10	3		³È×°PVP_¹÷ÉÙ¡¢ÌìÍõÍÌÁú¿ø
		2	9	819	9	3		³È×°PVP_¹÷ÉÙ¡¢ÌìÍõÁúÁÛ¿ø
		2	9	820	10	2		³È×°PVP_¹÷ÉÙ¡¢ÌìÍõ·ïÃß¿ø
		2	9	829	9	6		³È×°PVP_µ¶ÉÙÇàÉ··¢¹Ú
		2	9	830	10	3		³È×°PVP_µ¶ÉÙÉ½¹í·¢¹Ú
		2	9	839	9	3		³È×°PVP_µ¶ÉÙ³àëàÃæÕÖ
		2	9	840	10	2		³È×°PVP_µ¶ÉÙõõÆ¤ÃæÕÖ
		2	9	849	9	6		³È×°PVP_µ¶¶¾¡¢ÌÆÃÅ¡¢Ã÷½ÌÇàÉ··¢¹Ú
		2	9	850	10	3		³È×°PVP_µ¶¶¾¡¢ÌÆÃÅ¡¢Ã÷½ÌÉ½¹í·¢¹Ú
		2	9	859	9	3		³È×°PVP_µ¶¶¾¡¢ÌÆÃÅ¡¢Ã÷½Ì³àëàÃæÕÖ
		2	9	860	10	2		³È×°PVP_µ¶¶¾¡¢ÌÆÃÅ¡¢Ã÷½ÌõõÆ¤ÃæÕÖ
		2	9	869	9	6		³È×°PVP_ÕÆ¶¾¾øÓñÊø¶î
		2	9	870	10	3		³È×°PVP_ÕÆ¶¾×Ï½ðÊø¶î
		2	9	879	9	3		³È×°PVP_ÕÆ¶¾ÖìÈ¸·¢½á
		2	9	880	10	2		³È×°PVP_ÕÆ¶¾Ú¤µû·¢½á
		2	9	889	9	6		³È×°PVP_Ö¸¶ÎÒìÉñ¿ø
		2	9	890	10	3		³È×°PVP_Ö¸¶ÎÍÌÁú¿ø
		2	9	899	9	3		³È×°PVP_Ö¸¶ÎÁúÁÛ¿ø
		2	9	900	10	2		³È×°PVP_Ö¸¶Î·ïÃß¿ø
		2	9	909	9	6		³È×°PVP_Æø¶Î¡¢´äÑÌ¡¢¶ëáÒ¾øÓñÊø¶î
		2	9	910	10	3		³È×°PVP_Æø¶Î¡¢´äÑÌ¡¢¶ëáÒ×Ï½ðÊø¶î
		2	9	919	9	3		³È×°PVP_Æø¶Î¡¢´äÑÌ¡¢¶ëáÒÖìÈ¸·¢½á
		2	9	920	10	2		³È×°PVP_Æø¶Î¡¢´äÑÌ¡¢¶ëáÒÚ¤µû·¢½á
		2	9	929	9	6		³È×°PVP_Õ½ÈÌÒìÉñ¿ø
		2	9	930	10	3		³È×°PVP_Õ½ÈÌÍÌÁú¿ø
		2	9	939	9	3		³È×°PVP_Õ½ÈÌÁúÁÛ¿ø
		2	9	940	10	2		³È×°PVP_Õ½ÈÌ·ïÃß¿ø
		2	9	949	9	6		³È×°PVP_Ä§ÈÌ¡¢Ø¤°ïÇàÉ··¢¹Ú
		2	9	950	10	3		³È×°PVP_Ä§ÈÌ¡¢Ø¤°ïÉ½¹í·¢¹Ú
		2	9	959	9	3		³È×°PVP_Ä§ÈÌ¡¢Ø¤°ï³àëàÃæÕÖ
		2	9	960	10	2		³È×°PVP_Ä§ÈÌ¡¢Ø¤°ïõõÆ¤ÃæÕÖ
		2	9	969	9	6		³È×°PVP_½£ÎäÒìÉñ¿ø
		2	9	970	10	3		³È×°PVP_½£ÎäÍÌÁú¿ø
		2	9	979	9	3		³È×°PVP_½£ÎäÁúÁÛ¿ø
		2	9	980	10	2		³È×°PVP_½£Îä·ïÃß¿ø
		2	9	989	9	6		³È×°PVP_ÆøÎä¡¢À¥ÂØ¾øÓñÊø¶î
		2	9	990	10	3		³È×°PVP_ÆøÎä¡¢À¥ÂØ×Ï½ðÊø¶î
		2	9	999	9	3		³È×°PVP_ÆøÎä¡¢À¥ÂØÖìÈ¸·¢½á
		2	9	1000	10	2		³È×°PVP_ÆøÎä¡¢À¥ÂØÚ¤µû·¢½á
		18	1	1	2	672113		2¼¶Ðþ¾§
		18	1	114	3	200000		3¼¶Ðþ¾§
		18	1	114	4	100000		4¼¶Ðþ¾§
		18	1	114	5	5000		5¼¶Ðþ¾§
		18	1	114	6	300		6¼¶Ðþ¾§
		18	1	114	7	100		7¼¶Ðþ¾§
