MAP_ID	GAMESVR_SET_1	GAMESVR_SET_2	GAMESVR_SET_3	GAMESVR_SET_4	GAMESVR_SET_5	GAMESVR_SET_6	GAMESVR_SET_7	GAMESVR_SET_8	GAMESVR_SET_9	GAMESVR_SET_10	GAMESVR_SET_11	GAMESVR_SET_12	GAMESVR_SET_13	GAMESVR_SET_14	GAMESVR_SET_15	GAMESVR_SET_16	Ghi chú
1	1	1	1	1	1	1	1	1	1	1	1	1	1	1	1	1	Vân Trung Trấn
2	1	1	1	1	2	2	2	2	2	2	2	2	2	2	2	2	Long Môn Trấn
3	1	1	1	2	3	3	7	7	7	7	7	7	7	7	7	7	Vĩnh Lạc Trấn
4	1	1	2	2	4	4	4	4	4	4	4	4	4	4	4	4	Đạo Hương Thôn
5	1	2	3	3	5	5	5	5	5	5	5	5	5	5	5	5	Giang Tân Thôn
6	1	2	3	3	3	6	6	6	6	6	6	6	6	6	6	6	Thạch Cổ Trấn
7	1	2	2	4	2	4	3	3	3	3	3	3	3	3	3	3	Long Tuyền Thôn
8	1	2	2	4	5	5	7	7	7	7	7	7	7	7	8	8	Ba Lăng Huyện
9	1	1	1	1	1	1	1	1	1	1	1	1	1	1	9	9	Thiếu Lâm Phái
10	1	1	1	1	1	1	1	1	1	1	1	1	1	1	9	9	Thiên Nhẫn Giáo
11	1	1	1	1	1	1	1	1	1	1	1	1	1	1	10	10	Tát Mãn Giáo
12	1	1	1	1	2	2	2	2	2	2	2	2	2	2	10	10	Côn Lôn Phái
13	1	1	1	1	2	2	2	2	2	2	2	2	2	2	10	10	Tây Hạ Nhất Phẩm Đường
14	1	1	1	2	3	3	3	3	3	3	3	3	3	3	10	10	Võ Đang Phái
15	1	1	2	2	4	4	4	4	4	4	4	4	4	4	11	11	Cái Bang
16	1	2	3	3	5	5	5	5	5	5	5	5	5	5	11	11	Nga My Phái
17	1	2	3	3	3	6	6	6	6	6	6	6	6	6	12	12	Thúy Yên Môn
18	1	2	3	3	3	6	6	6	6	6	6	6	6	6	12	12	Đường Môn
19	1	2	3	3	3	6	2	2	2	2	2	2	2	2	13	13	Đại Lý Đoàn Thị
20	1	2	2	4	2	4	3	3	3	3	3	3	3	3	13	13	Ngũ Độc Giáo
21	1	2	2	4	2	4	3	3	3	3	3	3	3	3	13	13	Trường Ca Môn
22	1	2	2	4	5	5	7	7	7	7	7	7	7	7	13	13	Thiên Vương Bang
23	1	1	1	1	1	1	1	1	1	1	1	1	1	1	1	1	Biện Kinh Phủ
24	1	1	1	1	2	2	2	2	2	2	2	2	2	2	2	2	Phượng Tường Phủ
25	1	1	1	2	3	3	7	7	7	7	7	7	7	7	7	7	Tương Dương Phủ
26	1	1	2	2	4	4	4	4	4	4	4	4	4	4	4	4	Dương Châu Phủ
27	1	2	3	3	5	5	5	5	5	5	5	5	5	5	5	5	Thành Đô Phủ
28	1	2	3	3	3	6	6	6	6	6	6	6	6	6	6	6	Đại Lý Phủ
29	1	2	2	4	2	4	3	3	3	3	3	3	3	3	3	3	Lâm An Phủ
30	1	1	1	1	1	1	1	1	1	1	1	1	1	1	1	1	Chiến Trường Cổ
31	1	1	1	1	2	2	2	2	2	2	2	2	2	2	2	2	Quán Trọ Long Môn
32	1	1	1	2	3	3	7	7	7	7	7	7	7	7	7	7	Quân Mã Trường
33	1	1	2	2	4	4	4	4	4	4	4	4	4	4	1	4	Mai Hoa Lĩnh
34	1	2	3	3	5	5	5	5	5	5	5	5	5	5	2	5	Trường Giang Hà Cốc
35	1	2	3	3	3	6	6	6	6	6	6	6	6	6	6	6	Thị trấn Bạch Tộc
36	1	2	2	4	2	4	3	3	3	3	3	3	3	3	3	3	Nhạn Đãng Long Thu
37	1	2	2	4	5	5	7	7	7	7	7	7	7	7	7	7	Bờ Hồ Động Đình
38	1	1	1	1	1	1	1	1	1	1	1	1	1	1	1	1	Trấn Đông Mộ Viên
39	1	1	1	1	2	2	2	2	2	2	2	2	2	2	2	2	Kỳ Liên Sơn
40	1	1	1	2	3	3	7	7	7	7	7	7	7	7	7	7	Đồng Quan
41	1	1	2	2	4	4	4	4	4	4	4	4	4	4	4	4	Hoài Thủy Sa Châu
42	1	2	3	3	5	5	5	5	5	5	5	5	5	5	5	5	Thục Nam Trúc Hải
43	1	2	3	3	3	6	6	6	6	6	6	6	6	6	6	6	Trà Mã Cổ Đạo
44	1	2	2	4	2	4	3	3	3	3	3	3	3	3	3	3	Phường Đúc Kiếm
45	1	2	2	4	5	5	7	7	7	7	7	7	7	7	7	7	Nhạc Dương Lâu
46	1	1	1	1	1	1	1	1	1	1	1	1	1	1	8	1	Cấm Địa Hậu Sơn
47	1	1	1	1	1	1	1	1	1	1	1	1	1	1	8	1	Cấm Địa Thiên Nhẫn
48	1	1	1	1	2	2	2	2	2	2	2	2	2	2	9	2	Kiến Tính Phong
49	1	1	1	2	3	3	3	3	3	3	3	3	3	3	10	3	Thiên Trụ Phong
50	1	1	2	2	4	4	4	4	4	4	4	4	4	4	11	4	Cô Tô Thủy Tạ
51	1	2	3	3	5	5	5	5	5	5	5	5	5	5	12	5	Cửu Lão Phong
52	1	2	3	3	3	6	6	6	6	6	6	6	6	6	13	6	Bách Hoa Cốc
53	1	2	3	3	3	6	6	6	6	6	6	6	6	6	13	6	Hồ Phỉ Thúy
54	1	2	2	4	2	4	3	3	3	3	3	3	3	3	10	3	Bộ Lạc Nam Di
55	1	2	2	4	5	5	6	6	6	6	6	6	6	6	12	9	Thanh Loa Đảo
56	1	1	1	1	1	1	1	1	1	1	1	1	1	1	1	1	Đông Tháp Lâm
57	1	1	1	1	1	1	1	1	1	1	1	1	1	1	1	1	Hoàng Lăng Kim Quốc 1
58	1	1	1	1	2	2	2	2	2	2	2	2	2	2	2	2	Mê Cung Băng Huyệt 1
59	1	1	1	2	3	3	2	2	2	2	2	2	2	2	2	2	Đông Long Hổ Huyễn Cảnh
60	1	1	2	2	4	4	4	4	4	4	4	4	4	4	4	4	Ngoài Yến Tử Ổ
61	1	2	3	3	5	5	5	5	5	5	5	5	5	5	5	5	Cửu Lão Động 1
62	1	2	3	3	3	6	6	6	6	6	6	6	6	6	6	6	Ngoài Bách Hoa Trận
63	1	2	3	3	3	6	6	6	6	6	6	6	6	6	6	6	Đông Bờ Hồ Trúc Lâm
64	1	2	2	4	2	4	3	3	3	3	3	3	3	3	3	3	Đông Rừng Nguyên Sinh
65	1	2	2	4	5	5	7	7	7	7	7	7	7	7	7	7	Đông Nam Lư Vĩ Đãng
66	1	1	1	1	1	1	1	1	1	1	1	1	1	1	8	1	Tây Tháp Lâm
67	1	1	1	1	1	1	1	1	1	1	1	1	1	1	8	1	Hoàng Lăng Kim Quốc 2
68	1	1	1	1	2	2	2	2	2	2	2	2	2	2	9	2	Mê Cung Băng Huyệt 2
69	1	1	1	2	3	3	2	2	2	2	2	2	2	2	9	2	Tây Long Hổ Huyễn Cảnh
70	1	1	2	2	4	4	4	4	4	4	4	4	4	4	11	4	Giữa Yến Tử Ổ
71	1	2	3	3	5	5	5	5	5	5	5	5	5	5	12	5	Cửu Lão Động 2
72	1	2	3	3	3	6	6	6	6	6	6	6	6	6	13	6	Trong Bách Hoa Trận
73	1	2	3	3	3	6	6	6	6	6	6	6	6	6	13	6	Tây Bờ Hồ Trúc Lâm
74	1	2	2	4	2	4	3	3	3	3	3	3	3	3	10	3	Tây Rừng Nguyên Sinh
75	1	2	2	4	5	5	5	5	5	5	5	5	5	5	12	5	Tây Bắc Lư Vĩ Đãng
76	1	1	1	1	1	1	1	1	1	1	1	1	1	1	1	1	Giữa Tháp Lâm
77	1	1	1	1	1	1	1	1	1	1	1	1	1	1	1	1	Hoàng Lăng Kim Quốc 3
78	1	1	1	1	2	2	2	2	2	2	2	2	2	2	2	2	Mê Cung Băng Huyệt 3
79	1	1	1	2	3	3	3	3	3	3	3	3	3	3	3	3	Giữa Long Hổ Huyễn Cảnh
80	1	1	2	2	4	4	4	4	4	4	4	4	4	4	4	4	Trong Yến Tử Ổ
81	1	2	3	3	5	5	5	5	5	5	5	5	5	5	5	5	Cửu Lão Động 3
82	1	2	3	3	3	6	6	6	6	6	6	6	6	6	6	6	Giữa Bách Hoa Trận
83	1	2	3	3	3	6	6	6	6	6	6	6	6	6	6	6	Giữa Bờ Hồ Trúc Lâm
84	1	2	2	4	2	4	3	3	3	3	3	3	3	3	3	3	Giữa Rừng Nguyên Sinh
85	1	2	2	4	5	5	7	7	7	7	7	7	7	7	7	7	Trung Lư Vĩ Đãng
86	1	1	1	1	1	1	1	1	1	1	1	1	1	1	8	1	Thái Hành Cổ Kính
87	1	1	1	1	2	2	2	2	2	2	2	2	2	2	9	2	Đại Tán Quan
88	1	1	1	2	3	3	7	7	7	7	7	7	7	7	8	7	Hán Thủy Cổ Độ
89	1	1	2	2	4	4	4	4	4	4	4	4	4	4	11	4	Hàn Sơn Cổ Sát
90	1	2	3	3	5	5	5	5	5	5	5	5	5	5	11	5	Cán Hoa Khê
91	1	2	3	3	3	6	6	6	6	6	6	6	6	6	13	6	Nhĩ Hải Ma Nham
92	1	2	2	4	2	4	3	3	3	3	3	3	3	3	9	3	Thái Thạch Cơ
93	1	1	1	1	1	1	1	1	1	1	1	1	1	1	8	1	Dược Vương Động
94	1	1	1	1	2	2	2	2	2	2	2	2	2	2	9	2	Cư Diên Trạch
95	1	1	1	2	3	3	7	7	7	7	7	7	7	7	7	7	Phục Ngưu Sơn
96	1	1	2	2	4	4	4	4	4	4	4	4	4	4	4	4	Hổ Khâu Kiếm Trì
97	1	2	3	3	5	5	5	5	5	5	5	5	5	5	5	5	Hưởng Thủy Động
98	1	2	3	3	3	6	6	6	6	6	6	6	6	6	6	6	Điểm Thương Sơn
99	1	2	2	4	2	4	3	3	3	3	3	3	3	3	3	3	Bành Lãi Cổ Trạch
100	1	1	1	1	1	1	1	1	1	1	1	1	1	1	1	1	Phong Lăng Độ
101	1	1	1	1	2	2	2	2	2	2	2	2	2	2	2	2	Mê Cung Sa Mạc
102	1	1	1	2	3	3	7	7	7	7	7	7	7	7	3	3	Kê Quán Động
103	1	1	2	2	4	4	4	4	4	4	4	4	4	4	11	4	Thục Cương Sơn
104	1	2	3	3	5	5	5	5	5	5	5	5	5	5	12	5	Kiếm Các Thục Đạo
105	1	2	3	3	3	6	6	6	6	6	6	6	6	6	13	6	Hoàng Lăng Đoàn Thị
106	1	2	2	4	2	4	3	3	3	3	3	3	3	3	10	3	Cửu Nghi Khê
107	1	1	1	1	1	1	1	1	1	1	1	1	1	1	8	1	Long Môn Thạch Quật
108	1	1	1	1	2	2	2	2	2	2	2	2	2	2	9	2	Hoàng Lăng Tây Hạ
109	1	1	1	2	3	3	7	7	7	7	7	7	7	7	6	6	Hoàng Hạc Lâu
110	1	1	2	2	4	4	4	4	4	4	4	4	4	4	4	4	Tiến Cúc Động
111	1	2	3	3	5	5	5	5	5	5	5	5	5	5	9	5	Kiếm Môn Quan
112	1	2	3	3	3	6	6	6	6	6	6	6	6	6	6	6	Thiên Long Tự
113	1	2	2	4	2	4	3	3	3	3	3	3	3	3	3	3	Bang Nguyên Bí Động
114	1	1	1	1	1	1	1	1	1	1	1	1	1	1	8	1	Sắc Lặc Xuyên
115	1	1	1	1	2	2	2	2	2	2	2	2	2	2	9	2	Gia Dụ Quan
116	1	1	1	2	3	3	7	7	7	7	7	7	7	7	5	5	Hoa Sơn
117	1	1	2	2	4	4	4	4	4	4	4	4	4	4	11	4	Thục Cương Bí Cảnh
118	1	2	3	3	5	5	5	5	5	5	5	5	5	5	12	5	Phong Đô Quỷ Thành
119	1	2	3	3	3	6	6	6	6	6	6	6	6	6	13	6	Miêu Lĩnh
120	1	2	2	4	2	4	3	3	3	3	3	3	3	3	10	3	Vũ Di Sơn
121	1	2	2	4	5	5	7	7	7	7	7	7	7	7	8	4	Vũ Lăng Sơn
122	1	1	1	1	1	1	1	1	1	1	1	1	1	1	1	1	Mạc Bắc Thảo Nguyên
123	1	1	1	1	2	2	2	2	2	2	2	2	2	2	2	2	Đôn Hoàng Cổ Thành
124	1	1	1	2	3	3	7	7	7	7	7	7	7	7	7	7	Hoạt Tử Nhân Mộ
125	1	1	2	2	4	4	4	4	4	4	4	4	4	4	4	4	Đại Vũ Đài
126	1	2	3	3	5	5	5	5	5	5	5	5	5	5	5	5	Tam Hiệp Sạn Đạo
127	1	2	3	3	3	6	6	6	6	6	6	6	6	6	6	6	Xi Vưu Động
128	1	2	2	4	2	4	3	3	3	3	3	3	3	3	13	3	Tỏa Vân Uyên
129	1	2	2	4	5	5	7	7	7	7	7	7	7	7	2	2	Phục Lưu Động
130	1	1	1	1	1	1	1	1	1	1	1	1	1	1	8	1	Mông Cổ Vương Đình
131	1	1	1	1	2	2	2	2	2	2	2	2	2	2	9	2	Nguyệt Nha Tuyền
132	1	1	1	2	3	3	7	7	7	7	7	7	7	7	7	7	Tàn Tích Cung A Phòng
133	1	1	2	2	4	4	4	4	4	4	4	4	4	4	11	4	Lương Sơn Bạc
134	1	2	3	3	5	5	5	5	5	5	5	5	5	5	13	5	Thần Nữ Phong
135	1	2	3	3	3	6	6	6	6	6	6	6	6	6	13	6	Tàn Tích Dạ Lang
136	1	2	2	4	2	4	3	3	3	3	3	3	3	3	14	3	Cổ Lãng Dữ
137	1	2	2	4	5	5	7	7	7	7	7	7	7	7	14	4	Đào Hoa Nguyên
169	1	1	1	2	3	3	7	7	7	7	7	7	7	7	7	7	Lôi Đài Võ Lâm (Tương Dương)
176	1	1	1	2	3	3	7	7	7	7	7	7	7	7	7	7	Thiết Sách Sạn Kiều (Tương Dương)
182	1	2	2	2	2	1	2	2	2	2	2	2	2	2	9	9	Báo Danh_Mông Cổ (Phượng Tường 1)
185	1	2	2	2	2	1	2	2	2	2	2	2	2	2	9	9	Báo Danh_Tây Hạ (Phượng Tường 1)
222	1	1	1	1	1	1	1	1	1	1	1	1	1	1	8	1	Đại Lao Biện Kinh
223	1	2	2	4	2	4	3	3	3	3	3	3	3	3	10	3	Đại Lao Lâm An
224	1	2	2	4	2	4	7	7	7	7	7	7	7	7	14	14	Minh Giáo
233	1	2	3	3	5	2	5	5	5	5	5	5	5	5	12	12	Đại điện Bạch Hổ Đường (cao)
234	1	2	3	3	5	2	5	5	5	5	5	5	5	5	12	12	Bạch Hổ Đường 1_Đông (cao)
235	1	2	3	3	5	2	5	5	5	5	5	5	5	5	12	12	Bạch Hổ Đường 1_Nam (cao)
236	1	2	3	3	5	2	5	5	5	5	5	5	5	5	12	12	Bạch Hổ Đường 1_Tây (cao)
237	1	2	3	3	5	2	5	5	5	5	5	5	5	5	12	12	Bạch Hổ Đường 1_Bắc (cao)
238	1	2	3	3	5	2	5	5	5	5	5	5	5	5	12	12	Bạch Hổ Đường 2_Âm (cao)
239	1	2	3	3	5	2	5	5	5	5	5	5	5	5	12	12	Bạch Hổ Đường 2_Dương (cao)
240	1	2	3	3	5	2	5	5	5	5	5	5	5	5	12	12	Bạch Hổ Đường 3 (cao)
241	1	1	1	1	1	1	1	1	1	1	1	1	1	1	9	9	Đấu trường môn phái (Thiếu Lâm)
255	1	1	2	2	4	1	4	4	4	4	4	4	4	4	11	4	Tẩy Tủy Đảo
256	1	1	2	2	4	1	4	4	4	4	4	4	4	4	11	4	Tẩy Tủy Đảo Sơn Động
298	1	1	1	1	1	1	1	1	1	1	1	1	1	1	1	1	Tiêu Dao Cốc
299	1	1	1	1	1	1	1	1	1	1	1	1	1	1	1	1	Tiêu Dao Cốc
300	1	1	1	1	1	1	1	1	1	1	1	1	1	1	1	1	Tiêu Dao Cốc
301	1	1	1	1	1	1	1	1	1	1	1	1	1	1	1	1	Tiêu Dao Cốc
302	1	1	1	1	1	1	1	1	1	1	1	1	1	1	1	1	Tiêu Dao Cốc
303	1	1	1	1	2	2	2	2	2	2	2	2	2	2	2	2	Tiêu Dao Cốc
304	1	1	1	1	2	2	2	2	2	2	2	2	2	2	2	2	Tiêu Dao Cốc
305	1	1	1	1	2	2	2	2	2	2	2	2	2	2	2	2	Tiêu Dao Cốc
306	1	1	1	1	2	2	2	2	2	2	2	2	2	2	2	2	Tiêu Dao Cốc
307	1	1	1	1	2	2	2	2	2	2	2	2	2	2	2	2	Tiêu Dao Cốc
308	1	1	1	2	3	3	7	7	7	7	7	7	7	7	7	7	Tiêu Dao Cốc
309	1	1	1	2	3	3	7	7	7	7	7	7	7	7	7	7	Tiêu Dao Cốc
310	1	1	1	2	3	3	7	7	7	7	7	7	7	7	7	7	Tiêu Dao Cốc
311	1	1	1	2	3	3	7	7	7	7	7	7	7	7	7	7	Tiêu Dao Cốc
312	1	1	1	2	3	3	7	7	7	7	7	7	7	7	7	7	Tiêu Dao Cốc
313	1	1	2	2	4	4	4	4	4	4	4	4	4	4	4	4	Tiêu Dao Cốc
314	1	1	2	2	4	4	4	4	4	4	4	4	4	4	4	4	Tiêu Dao Cốc
315	1	1	2	2	4	4	4	4	4	4	4	4	4	4	4	4	Tiêu Dao Cốc
316	1	1	2	2	4	4	4	4	4	4	4	4	4	4	4	4	Tiêu Dao Cốc
317	1	1	2	2	4	4	4	4	4	4	4	4	4	4	4	4	Tiêu Dao Cốc
318	1	2	3	3	5	5	5	5	5	5	5	5	5	5	5	5	Tiêu Dao Cốc
319	1	2	3	3	5	5	5	5	5	5	5	5	5	5	5	5	Tiêu Dao Cốc
320	1	2	3	3	5	5	5	5	5	5	5	5	5	5	5	5	Tiêu Dao Cốc
321	1	2	3	3	5	5	5	5	5	5	5	5	5	5	5	5	Tiêu Dao Cốc
322	1	2	3	3	5	5	5	5	5	5	5	5	5	5	5	5	Tiêu Dao Cốc
323	1	2	3	3	3	6	6	6	6	6	6	6	6	6	6	6	Tiêu Dao Cốc
324	1	2	3	3	3	6	6	6	6	6	6	6	6	6	6	6	Tiêu Dao Cốc
325	1	2	3	3	3	6	6	6	6	6	6	6	6	6	6	6	Tiêu Dao Cốc
326	1	2	3	3	3	6	6	6	6	6	6	6	6	6	6	6	Tiêu Dao Cốc
327	1	2	3	3	3	6	6	6	6	6	6	6	6	6	6	6	Tiêu Dao Cốc
328	1	2	2	4	2	4	3	3	3	3	3	3	3	3	3	3	Tiêu Dao Cốc
329	1	2	2	4	2	4	3	3	3	3	3	3	3	3	3	3	Tiêu Dao Cốc
330	1	2	2	4	2	4	3	3	3	3	3	3	3	3	3	3	Tiêu Dao Cốc
331	1	2	2	4	2	4	3	3	3	3	3	3	3	3	3	3	Tiêu Dao Cốc
332	1	2	2	4	2	4	3	3	3	3	3	3	3	3	3	3	Tiêu Dao Cốc
341	1	1	1	1	1	1	1	1	1	1	1	1	1	1	1	1	Báo Danh Tiêu Dao Cốc 1
342	1	2	2	4	2	4	3	3	3	3	3	3	3	3	3	3	Báo Danh Tiêu Dao Cốc 2
399	1	2	3	3	5	5	5	5	5	5	5	5	5	5	5	5	Thiên Lao
400	1	2	2	4	5	5	6	6	6	6	6	6	6	6	12	9	Khoang Thuyền 1
401	1	2	2	4	5	5	6	6	6	6	6	6	6	6	12	9	Khoang Thuyền 2
402	1	2	2	4	5	5	6	6	6	6	6	6	6	6	12	9	Khoang Thuyền 3
403	1	2	2	4	5	5	7	7	7	7	7	7	7	7	7	7	Phòng Bùi Dực Phi
404	1	2	2	4	5	5	7	7	7	7	7	7	7	7	7	7	Phòng Cầu Chỉ Thủy
405	1	1	2	2	4	4	4	4	4	4	4	4	4	4	4	4	Ngoại Mộ Anh Hùng
406	1	1	2	2	4	4	4	4	4	4	4	4	4	4	4	4	Ưng Chuẩn Giác
407	1	1	2	2	4	4	4	4	4	4	4	4	4	4	4	4	Mãnh Hổ Hạng
408	1	1	2	2	4	4	4	4	4	4	4	4	4	4	4	4	Đảo khỉ
409	1	1	2	2	4	4	4	4	4	4	4	4	4	4	4	4	Trích Thủy Động
410	1	1	2	2	4	4	4	4	4	4	4	4	4	4	4	4	Tàng Vân Hiên
411	1	1	2	2	4	4	4	4	4	4	4	4	4	4	4	4	Biệt Viện Trường Giang
412	1	2	2	4	2	4	3	3	3	3	3	3	3	3	3	3	Xích Luyện Xà Động
413	1	2	2	4	2	4	3	3	3	3	3	3	3	3	3	3	Đăng Sát Khẩu
414	1	2	2	4	2	4	3	3	3	3	3	3	3	3	3	3	Cam Lộ Cốc 1
415	1	2	2	4	2	4	3	3	3	3	3	3	3	3	3	3	Cam Lộ Cốc 2
416	1	2	2	4	2	4	3	3	3	3	3	3	3	3	3	3	Cuối Cam Lộ Cốc
417	1	2	2	4	2	4	3	3	3	3	3	3	3	3	3	3	Cuối Cam Lộ Cốc
418	1	2	2	4	2	4	3	3	3	3	3	3	3	3	3	3	Vấn Tâm Các
419	1	2	2	4	2	4	3	3	3	3	3	3	3	3	3	3	Vấn Tâm Các
420	1	2	2	4	2	4	3	3	3	3	3	3	3	3	3	3	Tụ Nghĩa Sảnh
421	1	2	2	4	2	4	3	3	3	3	3	3	3	3	3	3	Nữ Vu Oa Bằng
422	1	2	2	4	2	4	3	3	3	3	3	3	3	3	3	3	Phòng Ân Đồng
423	1	2	2	4	2	4	3	3	3	3	3	3	3	3	3	3	Phòng Ân Phương
424	1	2	2	4	2	4	3	3	3	3	3	3	3	3	3	3	Đăng Sát Khẩu Lâu
425	1	2	2	4	2	4	3	3	3	3	3	3	3	3	3	3	Nơi ở Mộc Thị
426	1	2	2	4	2	4	3	3	3	3	3	3	3	3	3	3	Cuối Cát Hà Lĩnh
427	1	2	2	4	2	4	3	3	3	3	3	3	3	3	3	3	Cuối Cát Hà Lĩnh
428	1	1	1	1	2	2	2	2	2	2	2	2	2	2	2	2	Mê Cung Thạch Tượng_1
429	1	1	1	1	2	2	2	2	2	2	2	2	2	2	2	2	Mê Cung Thạch Tượng_2
430	1	1	1	1	2	2	2	2	2	2	2	2	2	2	2	2	Mê Cung Thạch Tượng_3
431	1	1	1	1	2	2	2	2	2	2	2	2	2	2	2	2	Biệt Viện Âm Sơn
432	1	1	1	1	2	2	2	2	2	2	2	2	2	2	2	2	Biệt Viện Âm Sơn
433	1	1	1	2	3	3	2	2	2	2	2	2	2	2	2	2	Giải Kiếm Trì
434	1	1	1	2	3	3	2	2	2	2	2	2	2	2	2	2	Thanh Hư Chân Thất
435	1	1	1	2	3	3	2	2	2	2	2	2	2	2	2	2	Thanh Hư Chân Thất
436	1	1	1	2	3	3	2	2	2	2	2	2	2	2	2	2	Vân Lộc Thủy Cư
437	1	1	1	2	3	3	2	2	2	2	2	2	2	2	2	2	Vân Lộc Thủy Cư
438	1	1	1	2	3	3	2	2	2	2	2	2	2	2	2	2	Vân Lộc Thủy Cư
439	1	1	1	2	3	3	2	2	2	2	2	2	2	2	2	2	Nơi ở Đào Vĩnh Xương
440	1	1	1	2	3	3	2	2	2	2	2	2	2	2	2	2	Nơi ở Đào Vĩnh Xương
441	1	1	1	2	3	3	2	2	2	2	2	2	2	2	2	2	Nơi ở Đào Vĩnh Xương
442	1	1	1	2	3	3	2	2	2	2	2	2	2	2	2	2	Nơi ở Đào Vĩnh Xương
443	1	1	1	2	3	3	2	2	2	2	2	2	2	2	2	2	Nơi ở Ngụy Trường Phong
444	1	1	1	1	1	1	1	1	1	1	1	1	1	1	1	1	Kim Cang Lĩnh
445	1	1	1	1	1	1	1	1	1	1	1	1	1	1	1	1	Kim Cang Lĩnh
446	1	1	1	1	1	1	1	1	1	1	1	1	1	1	1	1	Sơ Tổ Am
447	1	1	1	1	1	1	1	1	1	1	1	1	1	1	1	1	Tiệm Cháo
448	1	1	1	1	1	1	1	1	1	1	1	1	1	1	1	1	Hồi Phong Giác Thảo Đường
449	1	1	1	1	1	1	1	1	1	1	1	1	1	1	1	1	Hồi Phong Giác Thảo Đường
450	1	1	1	1	1	1	1	1	1	1	1	1	1	1	1	1	Huyền Tự Lao
451	1	1	1	1	1	1	1	1	1	1	1	1	1	1	1	1	Nơi ở Ngột Tát
452	1	1	1	1	1	1	1	1	1	1	1	1	1	1	1	1	Thiên Hình Điện
453	1	1	1	1	1	1	1	1	1	1	1	1	1	1	1	1	Trung Thành Điện
454	1	2	3	3	5	5	5	5	5	5	5	5	5	5	5	5	Nội Doanh Hành Tại
455	1	2	3	3	5	5	5	5	5	5	5	5	5	5	5	5	Đại Trướng Trung Quân
456	1	2	3	3	5	5	5	5	5	5	5	5	5	5	5	5	Từ Vân Am
457	1	2	3	3	5	5	5	5	5	5	5	5	5	5	5	5	Phòng Cừu Tuyết
458	1	2	3	3	3	6	6	6	6	6	6	6	6	6	6	6	Kiến Long Động
459	1	2	3	3	3	6	6	6	6	6	6	6	6	6	6	6	Bố Y Các
460	1	2	3	3	3	6	6	6	6	6	6	6	6	6	6	6	Bố Y Các
461	1	2	3	3	3	6	6	6	6	6	6	6	6	6	6	6	Chuyết Giả Cư
462	1	2	3	3	3	6	6	6	6	6	6	6	6	6	6	6	Gian tây Biệt Nhã Tiểu Trúc
463	1	2	3	3	3	6	6	6	6	6	6	6	6	6	6	6	Gian chính Biệt Nhã Tiểu Trúc
464	1	2	3	3	3	6	6	6	6	6	6	6	6	6	6	6	Xuân Mai Nhã Trúc
465	1	2	3	3	3	6	6	6	6	6	6	6	6	6	6	6	Xuân Mai Nhã Trúc
466	1	2	3	3	3	6	6	6	6	6	6	6	6	6	6	6	Xuân Mai Nhã Trúc
467	1	2	3	3	3	6	6	6	6	6	6	6	6	6	6	6	Hậu đình Xuân Mai Nhã Trúc
468	1	2	3	3	3	6	6	6	6	6	6	6	6	6	6	6	Hậu đình Xuân Mai Nhã Trúc
469	1	2	3	3	3	6	6	6	6	6	6	6	6	6	6	6	Dịch Quán
470	1	2	3	3	3	6	6	6	6	6	6	6	6	6	6	6	Dịch Quán
471	1	2	3	3	3	6	6	6	6	6	6	6	6	6	6	6	Trận pháp tầng kế
472	1	2	3	3	3	6	6	6	6	6	6	6	6	6	6	6	Trận Pháp Tổng Khu
473	1	2	3	3	3	6	6	6	6	6	6	6	6	6	6	6	Huyền Nguyệt Đại Trận
474	1	2	3	3	3	6	6	6	6	6	6	6	6	6	6	6	Trung tâm Huyền Nguyệt Trận
475	1	2	3	3	3	6	6	6	6	6	6	6	6	6	6	6	Phẩm Hà Đường
476	1	1	1	1	1	1	1	1	1	1	1	1	1	1	1	1	Bồ Sát Phong Nô
477	1	1	1	1	1	1	1	1	1	1	1	1	1	1	1	1	Tàng Kiếm Sơn Trang
478	1	2	2	4	2	4	3	3	3	3	3	3	3	3	3	3	Tri Xuân Đài
479	1	2	2	4	2	4	3	3	3	3	3	3	3	3	3	3	Phủ đệ Chu Hy
480	1	2	2	4	2	4	3	3	3	3	3	3	3	3	3	3	Vào cung dạy học
481	1	2	2	4	2	4	3	3	3	3	3	3	3	3	3	3	Vào cung dạy học
482	1	2	2	4	2	4	3	3	3	3	3	3	3	3	3	3	Vào cung dạy học
483	1	2	2	4	2	4	3	3	3	3	3	3	3	3	3	3	Phủ đệ Bành Quy Niên
484	1	2	2	4	2	4	3	3	3	3	3	3	3	3	3	3	Hậu viện Bành Phủ
485	1	2	2	4	2	4	3	3	3	3	3	3	3	3	3	3	Đại sảnh Triệu Phủ
486	1	2	2	4	2	4	3	3	3	3	3	3	3	3	3	3	Lâm An Thành
487	1	2	2	4	2	4	3	3	3	3	3	3	3	3	3	3	Phủ đệ Chu Hy
488	1	2	2	4	2	4	3	3	3	3	3	3	3	3	3	3	Lâm An Thành
489	1	2	2	4	2	4	3	3	3	3	3	3	3	3	3	3	Mật Thất Thẩm Phủ
490	1	2	2	4	2	4	3	3	3	3	3	3	3	3	3	3	Lâm An Thành
491	1	2	2	4	2	4	3	3	3	3	3	3	3	3	3	3	Lâm An Thành
492	1	2	2	4	2	4	3	3	3	3	3	3	3	3	3	3	Lâm An Thành
498	1	1	1	1	1	1	1	1	1	1	1	1	1	1	1	1	Hiệp Sĩ Danh Cư
499	1	1	2	2	2	2	2	2	2	2	2	2	2	2	2	2	Trang Viên Quý Tộc
500	1	2	3	3	3	3	3	3	3	3	3	3	3	3	3	3	Bãi Biển Vương Hầu
501	1	1	1	2	3	3	7	7	7	7	7	7	7	7	7	7	Nhà tranh
502	1	1	1	2	3	3	7	7	7	7	7	7	7	7	7	7	Nhà tranh
503	1	1	1	2	3	3	7	7	7	7	7	7	7	7	7	7	Ẩn Sở
504	1	1	1	2	3	3	7	7	7	7	7	7	7	7	7	7	Phân Đà Cái Bang
505	1	1	1	2	3	3	7	7	7	7	7	7	7	7	7	7	Mật Đạo Cái Bang
506	1	1	1	2	3	3	7	7	7	7	7	7	7	7	7	7	Long Vương Miếu
507	1	1	1	2	3	3	7	7	7	7	7	7	7	7	7	7	Long Vương Miếu
508	1	1	1	2	3	3	7	7	7	7	7	7	7	7	7	7	Sơn Động
509	1	1	1	2	3	3	7	7	7	7	7	7	7	7	7	7	Soái Trướng Hổ Sư
510	1	2	3	3	5	5	5	5	5	5	5	5	5	5	5	5	Nhà Ẩn Giả
511	1	2	3	3	5	5	5	5	5	5	5	5	5	5	5	5	Phi Long Cốc
512	1	2	3	3	5	5	5	5	5	5	5	5	5	5	5	5	Phi Long Trận
513	1	1	1	1	2	2	2	2	2	2	2	2	2	2	2	2	Thiên Quỳnh Cung
514	1	1	1	1	2	2	2	2	2	2	2	2	2	2	2	2	Thiên Ngoại Thiên
515	1	2	2	4	2	4	3	3	3	3	3	3	3	3	3	3	Đại sảnh Triệu Phủ
516	1	2	2	4	2	4	3	3	3	3	3	3	3	3	3	3	Đại sảnh Hàn Phủ
517	1	2	2	4	2	4	3	3	3	3	3	3	3	3	3	3	Gian bên Hàn Phủ
518	1	2	2	4	2	4	3	3	3	3	3	3	3	3	3	3	Tẩm Cung Hoàng Thượng
519	1	2	2	4	2	4	3	3	3	3	3	3	3	3	3	3	Tẩm Cung Thái Hậu
520	1	2	2	4	2	4	3	3	3	3	3	3	3	3	3	3	Tẩm Cung Thái Hậu
521	1	2	2	4	2	4	3	3	3	3	3	3	3	3	3	3	Tẩm Cung Thái Hậu
522	1	2	2	4	2	4	3	3	3	3	3	3	3	3	3	3	Tri Xuân Đài
523	1	2	2	4	2	4	3	3	3	3	3	3	3	3	3	3	Hoàng Cung Đại Điện
524	1	2	2	4	2	4	3	3	3	3	3	3	3	3	3	3	Linh Ẩn Tự
525	1	1	1	1	2	2	2	2	2	2	2	2	2	2	2	2	Sòng Bạc Vong Quy
526	1	1	1	1	2	2	2	2	2	2	2	2	2	2	2	2	Doanh Trướng Lỗ Binh
527	1	1	1	1	2	2	2	2	2	2	2	2	2	2	2	2	Doanh Trướng Lương Hạng Lâm
528	1	1	1	1	2	2	2	2	2	2	2	2	2	2	2	2	Mật Thất Lương Hạng Lâm
529	1	1	1	2	3	3	7	7	7	7	7	7	7	7	7	7	Phục Ngưu Sơn Trang
530	1	2	2	4	2	4	3	3	3	3	3	3	3	3	3	3	Hắc Long Đàm
531	1	2	3	3	3	6	6	6	6	6	6	6	6	6	6	6	Sơn Trại
532	1	2	3	3	3	6	6	6	6	6	6	6	6	6	6	6	Sơn Trại
533	1	2	3	3	3	6	6	6	6	6	6	6	6	6	6	6	Biệt Viện Đường Môn
534	1	2	3	3	3	6	6	6	6	6	6	6	6	6	6	6	Biệt Viện Đường Môn
535	1	2	3	3	5	5	5	5	5	5	5	5	5	5	5	5	Dịch Quán
536	1	2	3	3	5	5	5	5	5	5	5	5	5	5	5	5	Biệt Viện Ngô Hy
537	1	2	3	3	5	5	5	5	5	5	5	5	5	5	5	5	Biệt Viện Phòng Khách
538	1	2	3	3	5	5	5	5	5	5	5	5	5	5	5	5	Biệt Viện Phòng Khách
539	1	2	3	3	5	5	5	5	5	5	5	5	5	5	5	5	Nhà nhỏ bên đường
540	1	2	2	4	2	4	3	3	3	3	3	3	3	3	3	3	Phòng giam
541	1	2	2	4	2	4	3	3	3	3	3	3	3	3	3	3	Nhà nhỏ
542	1	2	2	4	2	4	3	3	3	3	3	3	3	3	3	3	Nhà lớn
543	1	1	1	1	2	2	2	2	2	2	2	2	2	2	2	2	Quán trọ
544	1	1	1	1	2	2	2	2	2	2	2	2	2	2	2	2	Nhất Phẩm Đường Binh Doanh
545	1	2	3	3	5	5	5	5	5	5	5	5	5	5	5	5	Tiêu Thạch Cốc
546	1	1	1	2	3	3	7	7	7	7	7	7	7	7	7	7	Tụ Nghĩa Lâu
547	1	1	1	2	3	3	7	7	7	7	7	7	7	7	7	7	Lầu Các
548	1	1	2	2	4	4	4	4	4	4	4	4	4	4	4	4	Mãng Xà Động
549	1	1	2	2	4	4	4	4	4	4	4	4	4	4	4	4	Hiệp Cốc
550	1	1	2	2	4	4	4	4	4	4	4	4	4	4	4	4	Hiệp Cốc
551	1	1	2	2	4	4	4	4	4	4	4	4	4	4	4	4	Hiệp Cốc
552	1	1	2	2	4	4	4	4	4	4	4	4	4	4	4	4	Hiệp Cốc
553	1	1	2	2	4	4	4	4	4	4	4	4	4	4	4	4	Thái Tổ Bảo Khố
554	1	2	3	3	3	6	6	6	6	6	6	6	6	6	6	6	Nơi ở Đại Nhật La
555	1	2	3	3	3	6	6	6	6	6	6	6	6	6	6	6	Thượng Tiên Trang
561	1	1	1	1	1	1	1	1	1	1	1	1	1	1	1	1	Vọng Long Sơn
562	1	1	1	1	1	1	1	1	1	1	1	1	1	1	1	1	Nhà hoang
563	1	1	1	1	1	1	1	1	1	1	1	1	1	1	1	1	Mật Thất Vương Phủ
564	1	2	2	4	2	4	3	3	3	3	3	3	3	3	3	3	Ngự Thư Phòng Hoàng Cung
565	1	2	2	4	2	4	3	3	3	3	3	3	3	3	3	3	Tẩm Cung Hàn Hoàng Hậu
566	1	2	2	4	2	4	3	3	3	3	3	3	3	3	3	3	Ngọc Noãn Các
567	1	2	2	4	2	4	3	3	3	3	3	3	3	3	3	3	Kim Duyệt Hiên
568	1	2	2	4	2	4	3	3	3	3	3	3	3	3	3	3	Hoàng Cung Đại Điện
569	1	1	1	1	1	1	1	1	1	1	1	1	1	1	1	1	Linh Bích Bạc
570	1	1	1	1	1	1	1	1	1	1	1	1	1	1	1	1	Bạch Phủ Mộng Cảnh
571	1	1	1	1	1	1	1	1	1	1	1	1	1	1	1	1	Sơn Trại Mộng Cảnh
572	1	1	1	1	1	1	1	1	1	1	1	1	1	1	1	1	Thân Thế Mộng Cảnh
573	1	1	1	1	1	1	1	1	1	1	1	1	1	1	1	1	Bí Doanh Quân Kim
574	1	1	1	1	1	1	1	1	1	1	1	1	1	1	1	1	Du Long Bảo Khố
575	1	2	3	4	4	4	4	4	4	4	4	4	4	4	4	4	Hoàng Gia Tiên Cảnh
576	1	1	1	1	1	1	1	1	1	1	1	1	1	1	1	1	Phòng trọ 1
577	1	1	1	1	2	2	2	2	2	2	2	2	2	2	2	2	Phòng trọ 2
578	1	1	1	2	3	3	3	3	3	3	3	3	3	3	3	3	Phòng trọ 3 
579	1	1	2	2	4	4	4	4	4	4	4	4	4	4	4	4	Phòng trọ 4
580	1	2	2	3	5	5	5	5	5	5	5	5	5	5	5	5	Phòng trọ 5
581	1	2	3	3	1	6	6	6	6	6	6	6	6	6	6	6	Phòng trọ 6
582	1	2	3	4	2	1	7	7	7	7	7	7	7	7	7	7	Phòng trọ 7
583	1	2	3	3	5	5	5	5	5	5	5	5	5	5	5	5	Trạm Gác Tiền Tuyến 1 
584	1	2	3	3	3	6	6	6	6	6	6	6	6	6	6	6	Trạm Gác Tiền Tuyến 2 
585	1	1	1	2	3	3	7	7	7	7	7	7	7	7	7	7	Trạm Gác Tiền Tuyến 3 
587	1	2	2	4	2	4	4	4	4	4	4	4	4	4	4	4	Ngọc Lộ Thôn (1)
800	1	2	2	4	2	4	3	3	3	3	3	3	3	3	3	3	Phòng bên Trường Ca Môn
801	1	2	2	4	2	4	3	3	3	3	3	3	3	3	3	3	Phòng bên Trường Ca Môn
802	1	2	2	4	2	4	3	3	3	3	3	3	3	3	3	3	Vũ Di Sơn Tinh Xá
803	1	2	2	4	2	4	3	3	3	3	3	3	3	3	3	3	Vũ Di Sơn Tinh Xá
804	1	2	2	4	2	4	3	3	3	3	3	3	3	3	3	3	Vũ Di Sơn Tinh Xá
805	1	2	2	4	2	4	3	3	3	3	3	3	3	3	3	3	Phủ đệ Chu Hy
806	1	2	2	4	2	4	3	3	3	3	3	3	3	3	3	3	Mật Thất Chu Hy
807	1	2	2	4	2	4	3	3	3	3	3	3	3	3	3	3	Mật Thất Chu Hy
808	1	2	2	4	2	4	3	3	3	3	3	3	3	3	3	3	Hậu viện tinh xá Vũ Di Sơn
809	1	2	2	4	2	4	3	3	3	3	3	3	3	3	3	3	Đại sảnh Hàn Phủ
810	1	2	2	4	2	4	3	3	3	3	3	3	3	3	3	3	Phòng bên Trường Ca Môn
811	1	2	2	4	2	4	3	3	3	3	3	3	3	3	3	3	Lâm An Thành
812	1	2	2	4	2	4	3	3	3	3	3	3	3	3	3	3	Phòng giam Hoàn Nhan Quang
813	1	2	2	4	2	4	3	3	3	3	3	3	3	3	3	3	Phòng Trần Quý Thường
814	1	2	2	4	5	5	7	7	7	7	7	7	7	7	7	7	Lạc Nữ Động
815	1	1	2	2	4	4	4	4	4	4	4	4	4	4	4	4	Trong Phục Ngưu Sơn Trang
816	1	2	3	3	3	6	6	6	6	6	6	6	6	6	6	6	Bách Cổ Trận 1
817	1	2	3	3	3	6	6	6	6	6	6	6	6	6	6	6	Bách Cổ Trận 2
818	1	2	3	3	3	6	6	6	6	6	6	6	6	6	6	6	Tiên Linh Động
819	1	2	3	3	3	6	6	6	6	6	6	6	6	6	6	6	Hoàng Cung Đại Lý
820	1	2	3	3	3	6	6	6	6	6	6	6	6	6	6	6	Hậu Viện Hoàng Cung
821	1	2	3	3	5	2	5	5	5	5	5	5	5	5	14	14	Đại Điện (Hoàng Kim)
822	1	2	3	3	5	2	5	5	5	5	5	5	5	5	14	14	Bạch Hổ 1_Đông (Hoàng Kim)
823	1	2	3	3	5	2	5	5	5	5	5	5	5	5	14	14	Bạch Hổ 1_Nam (Hoàng Kim)
824	1	2	3	3	5	2	5	5	5	5	5	5	5	5	14	14	Bạch Hổ 1_Tây (Hoàng Kim)
825	1	2	3	3	5	2	5	5	5	5	5	5	5	5	14	14	Bạch Hổ 1_Bắc (Hoàng Kim)
826	1	2	3	3	5	2	5	5	5	5	5	5	5	5	14	14	Bạch Hổ 2_Âm (Hoàng Kim)
827	1	2	3	3	5	2	5	5	5	5	5	5	5	5	14	14	Bạch Hổ 2_Dương (Hoàng Kim)
828	1	2	3	3	5	2	5	5	5	5	5	5	5	5	14	14	Bạch Hổ 3 (Hoàng Kim)
829	1	1	1	1	1	1	1	1	1	1	1	1	1	1	1	1	Tiêu Dao Cốc
830	1	1	1	1	2	2	2	2	2	2	2	2	2	2	2	2	Tiêu Dao Cốc
831	1	1	1	2	3	3	7	7	7	7	7	7	7	7	7	7	Tiêu Dao Cốc
832	1	1	2	2	4	4	4	4	4	4	4	4	4	4	4	4	Tiêu Dao Cốc
833	1	2	3	3	5	5	5	5	5	5	5	5	5	5	5	5	Tiêu Dao Cốc
834	1	2	3	3	3	6	6	6	6	6	6	6	6	6	6	6	Tiêu Dao Cốc
835	1	2	2	4	2	4	3	3	3	3	3	3	3	3	3	3	Tiêu Dao Cốc
836	1	1	1	1	1	1	1	1	1	1	1	1	1	1	1	1	Tiêu Dao Cốc
837	1	1	1	1	2	2	2	2	2	2	2	2	2	2	2	2	Tiêu Dao Cốc
838	1	1	1	2	3	3	7	7	7	7	7	7	7	7	7	7	Tiêu Dao Cốc
839	1	1	2	2	4	4	4	4	4	4	4	4	4	4	4	4	Tiêu Dao Cốc
840	1	2	3	3	5	5	5	5	5	5	5	5	5	5	5	5	Tiêu Dao Cốc
841	1	2	3	3	3	6	6	6	6	6	6	6	6	6	6	6	Tiêu Dao Cốc
842	1	2	2	4	2	4	3	3	3	3	3	3	3	3	3	3	Tiêu Dao Cốc
843	1	1	1	1	1	1	1	1	1	1	1	1	1	1	1	1	Tiêu Dao Cốc
844	1	1	1	1	2	2	2	2	2	2	2	2	2	2	2	2	Tiêu Dao Cốc
845	1	1	1	2	3	3	7	7	7	7	7	7	7	7	7	7	Tiêu Dao Cốc
846	1	1	2	2	4	4	4	4	4	4	4	4	4	4	4	4	Tiêu Dao Cốc
847	1	2	3	3	5	5	5	5	5	5	5	5	5	5	5	5	Tiêu Dao Cốc
848	1	2	3	3	3	6	6	6	6	6	6	6	6	6	6	6	Tiêu Dao Cốc
849	1	2	2	4	2	4	3	3	3	3	3	3	3	3	3	3	Tiêu Dao Cốc
850	1	1	1	1	1	1	1	1	1	1	1	1	1	1	1	1	Tiêu Dao Cốc
851	1	1	1	1	2	2	2	2	2	2	2	2	2	2	2	2	Tiêu Dao Cốc
852	1	1	1	2	3	3	7	7	7	7	7	7	7	7	7	7	Tiêu Dao Cốc
853	1	1	2	2	4	4	4	4	4	4	4	4	4	4	4	4	Tiêu Dao Cốc
854	1	2	3	3	5	5	5	5	5	5	5	5	5	5	5	5	Tiêu Dao Cốc
855	1	2	3	3	3	6	6	6	6	6	6	6	6	6	6	6	Tiêu Dao Cốc
856	1	2	2	4	2	4	3	3	3	3	3	3	3	3	3	3	Tiêu Dao Cốc
857	1	1	1	1	1	1	1	1	1	1	1	1	1	1	1	1	Tiêu Dao Cốc
858	1	1	1	1	2	2	2	2	2	2	2	2	2	2	2	2	Tiêu Dao Cốc
859	1	1	1	2	3	3	7	7	7	7	7	7	7	7	7	7	Tiêu Dao Cốc
860	1	1	2	2	4	4	4	4	4	4	4	4	4	4	4	4	Tiêu Dao Cốc
861	1	2	3	3	5	5	5	5	5	5	5	5	5	5	5	5	Tiêu Dao Cốc
862	1	2	3	3	3	6	6	6	6	6	6	6	6	6	6	6	Tiêu Dao Cốc
863	1	2	2	4	2	4	3	3	3	3	3	3	3	3	3	3	Tiêu Dao Cốc
864	1	1	1	1	1	1	1	1	1	1	1	1	1	1	1	1	Tiêu Dao Cốc
865	1	1	1	1	2	2	2	2	2	2	2	2	2	2	2	2	Tiêu Dao Cốc
866	1	1	1	2	3	3	7	7	7	7	7	7	7	7	7	7	Tiêu Dao Cốc
867	1	1	2	2	4	4	4	4	4	4	4	4	4	4	4	4	Tiêu Dao Cốc
868	1	2	3	3	5	5	5	5	5	5	5	5	5	5	5	5	Tiêu Dao Cốc
869	1	2	3	3	3	6	6	6	6	6	6	6	6	6	6	6	Tiêu Dao Cốc
870	1	2	2	4	2	4	3	3	3	3	3	3	3	3	3	3	Tiêu Dao Cốc
871	1	1	1	1	1	1	1	1	1	1	1	1	1	1	1	1	Tiêu Dao Cốc
872	1	1	1	1	2	2	2	2	2	2	2	2	2	2	2	2	Tiêu Dao Cốc
873	1	1	1	2	3	3	7	7	7	7	7	7	7	7	7	7	Tiêu Dao Cốc
874	1	1	2	2	4	4	4	4	4	4	4	4	4	4	4	4	Tiêu Dao Cốc
875	1	2	3	3	5	5	5	5	5	5	5	5	5	5	5	5	Tiêu Dao Cốc
876	1	2	3	3	3	6	6	6	6	6	6	6	6	6	6	6	Tiêu Dao Cốc
877	1	2	2	4	2	4	3	3	3	3	3	3	3	3	3	3	Tiêu Dao Cốc
878	1	1	1	1	1	1	1	1	1	1	1	1	1	1	1	1	Tiêu Dao Cốc
879	1	1	1	1	2	2	2	2	2	2	2	2	2	2	2	2	Tiêu Dao Cốc
880	1	1	1	2	3	3	7	7	7	7	7	7	7	7	7	7	Tiêu Dao Cốc
881	1	1	2	2	4	4	4	4	4	4	4	4	4	4	4	4	Tiêu Dao Cốc
882	1	2	3	3	5	5	5	5	5	5	5	5	5	5	5	5	Tiêu Dao Cốc
883	1	2	3	3	3	6	6	6	6	6	6	6	6	6	6	6	Tiêu Dao Cốc
884	1	2	2	4	2	4	3	3	3	3	3	3	3	3	3	3	Tiêu Dao Cốc
885	1	1	1	1	1	1	1	1	1	1	1	1	1	1	1	1	Tiêu Dao Cốc
886	1	1	1	1	2	2	2	2	2	2	2	2	2	2	2	2	Tiêu Dao Cốc
887	1	1	1	2	3	3	7	7	7	7	7	7	7	7	7	7	Tiêu Dao Cốc
888	1	1	2	2	4	4	4	4	4	4	4	4	4	4	4	4	Tiêu Dao Cốc
889	1	2	3	3	5	5	5	5	5	5	5	5	5	5	5	5	Tiêu Dao Cốc
890	1	2	3	3	3	6	6	6	6	6	6	6	6	6	6	6	Tiêu Dao Cốc
891	1	2	2	4	2	4	3	3	3	3	3	3	3	3	3	3	Tiêu Dao Cốc
892	1	1	1	1	1	1	1	1	1	1	1	1	1	1	1	1	Tiêu Dao Cốc
893	1	1	1	1	2	2	2	2	2	2	2	2	2	2	2	2	Tiêu Dao Cốc
894	1	1	1	2	3	3	7	7	7	7	7	7	7	7	7	7	Tiêu Dao Cốc
895	1	1	2	2	4	4	4	4	4	4	4	4	4	4	4	4	Tiêu Dao Cốc
896	1	2	3	3	5	5	5	5	5	5	5	5	5	5	5	5	Tiêu Dao Cốc
897	1	2	3	3	3	6	6	6	6	6	6	6	6	6	6	6	Tiêu Dao Cốc
898	1	2	2	4	2	4	3	3	3	3	3	3	3	3	3	3	Tiêu Dao Cốc
899	1	1	1	1	1	1	1	1	1	1	1	1	1	1	1	1	Tiêu Dao Cốc
900	1	1	1	1	2	2	2	2	2	2	2	2	2	2	2	2	Tiêu Dao Cốc
901	1	1	1	2	3	3	7	7	7	7	7	7	7	7	7	7	Tiêu Dao Cốc
902	1	1	2	2	4	4	4	4	4	4	4	4	4	4	4	4	Tiêu Dao Cốc
903	1	2	3	3	5	5	5	5	5	5	5	5	5	5	5	5	Tiêu Dao Cốc
904	1	2	3	3	3	6	6	6	6	6	6	6	6	6	6	6	Tiêu Dao Cốc
905	1	2	2	4	2	4	3	3	3	3	3	3	3	3	3	3	Tiêu Dao Cốc
906	1	1	1	1	1	1	1	1	1	1	1	1	1	1	1	1	Tiêu Dao Cốc
907	1	1	1	1	2	2	2	2	2	2	2	2	2	2	2	2	Tiêu Dao Cốc
908	1	1	1	2	3	3	7	7	7	7	7	7	7	7	7	7	Tiêu Dao Cốc
909	1	1	2	2	4	4	4	4	4	4	4	4	4	4	4	4	Tiêu Dao Cốc
910	1	2	3	3	5	5	5	5	5	5	5	5	5	5	5	5	Tiêu Dao Cốc
911	1	2	3	3	3	6	6	6	6	6	6	6	6	6	6	6	Tiêu Dao Cốc
912	1	2	2	4	2	4	3	3	3	3	3	3	3	3	3	3	Tiêu Dao Cốc
913	1	1	1	1	1	1	1	1	1	1	1	1	1	1	1	1	Tiêu Dao Cốc
914	1	1	1	1	2	2	2	2	2	2	2	2	2	2	2	2	Tiêu Dao Cốc
915	1	1	1	2	3	3	7	7	7	7	7	7	7	7	7	7	Tiêu Dao Cốc
916	1	1	2	2	4	4	4	4	4	4	4	4	4	4	4	4	Tiêu Dao Cốc
917	1	2	3	3	5	5	5	5	5	5	5	5	5	5	5	5	Tiêu Dao Cốc
918	1	2	3	3	3	6	6	6	6	6	6	6	6	6	6	6	Tiêu Dao Cốc
919	1	2	2	4	2	4	3	3	3	3	3	3	3	3	3	3	Tiêu Dao Cốc
920	1	1	1	1	1	1	1	1	1	1	1	1	1	1	1	1	Tiêu Dao Cốc
921	1	1	1	1	2	2	2	2	2	2	2	2	2	2	2	2	Tiêu Dao Cốc
922	1	1	1	2	3	3	7	7	7	7	7	7	7	7	7	7	Tiêu Dao Cốc
923	1	1	2	2	4	4	4	4	4	4	4	4	4	4	4	4	Tiêu Dao Cốc
924	1	2	3	3	5	5	5	5	5	5	5	5	5	5	5	5	Tiêu Dao Cốc
925	1	2	3	3	3	6	6	6	6	6	6	6	6	6	6	6	Tiêu Dao Cốc
926	1	2	2	4	2	4	3	3	3	3	3	3	3	3	3	3	Tiêu Dao Cốc
927	1	1	1	1	1	1	1	1	1	1	1	1	1	1	1	1	Tiêu Dao Cốc
928	1	1	1	1	2	2	2	2	2	2	2	2	2	2	2	2	Tiêu Dao Cốc
929	1	1	1	2	3	3	7	7	7	7	7	7	7	7	7	7	Tiêu Dao Cốc
930	1	1	2	2	4	4	4	4	4	4	4	4	4	4	4	4	Tiêu Dao Cốc
931	1	2	3	3	5	5	5	5	5	5	5	5	5	5	5	5	Tiêu Dao Cốc
932	1	2	3	3	3	6	6	6	6	6	6	6	6	6	6	6	Tiêu Dao Cốc
933	1	2	2	4	2	4	3	3	3	3	3	3	3	3	3	3	Tiêu Dao Cốc
934	1	1	1	1	1	1	1	1	1	1	1	1	1	1	1	1	Tiêu Dao Cốc
935	1	1	1	1	2	2	2	2	2	2	2	2	2	2	2	2	Tiêu Dao Cốc
936	1	1	1	2	3	3	7	7	7	7	7	7	7	7	7	7	Tiêu Dao Cốc
937	1	1	2	2	4	4	4	4	4	4	4	4	4	4	4	4	Tiêu Dao Cốc
938	1	2	3	3	5	5	5	5	5	5	5	5	5	5	5	5	Tiêu Dao Cốc
939	1	2	3	3	3	6	6	6	6	6	6	6	6	6	6	6	Tiêu Dao Cốc
940	1	2	2	4	2	4	3	3	3	3	3	3	3	3	3	3	Tiêu Dao Cốc
941	1	1	1	1	1	1	1	1	1	1	1	1	1	1	1	1	Tiêu Dao Cốc
942	1	1	1	1	2	2	2	2	2	2	2	2	2	2	2	2	Tiêu Dao Cốc
943	1	1	1	2	3	3	7	7	7	7	7	7	7	7	7	7	Tiêu Dao Cốc
944	1	1	2	2	4	4	4	4	4	4	4	4	4	4	4	4	Tiêu Dao Cốc
945	1	2	3	3	5	5	5	5	5	5	5	5	5	5	5	5	Tiêu Dao Cốc
946	1	2	3	3	3	6	6	6	6	6	6	6	6	6	6	6	Tiêu Dao Cốc
947	1	2	2	4	2	4	3	3	3	3	3	3	3	3	3	3	Tiêu Dao Cốc
948	1	1	1	1	1	1	1	1	1	1	1	1	1	1	1	1	Tiêu Dao Cốc
949	1	1	1	1	2	2	2	2	2	2	2	2	2	2	2	2	Tiêu Dao Cốc
950	1	1	1	2	3	3	7	7	7	7	7	7	7	7	7	7	Tiêu Dao Cốc
951	1	1	2	2	4	4	4	4	4	4	4	4	4	4	4	4	Tiêu Dao Cốc
952	1	2	3	3	5	5	5	5	5	5	5	5	5	5	5	5	Tiêu Dao Cốc
953	1	2	3	3	3	6	6	6	6	6	6	6	6	6	6	6	Tiêu Dao Cốc
954	1	2	2	4	2	4	3	3	3	3	3	3	3	3	3	3	Tiêu Dao Cốc
1401	1	1	1	1	1	1	1	1	1	1	1	1	1	1	8	8	Hội trường liên đấu (sơ) (1)
1413	1	1	1	1	1	1	1	1	1	1	1	1	1	1	8	8	Khu chuẩn bị liên đấu (sơ) (1)
1425	1	1	1	1	1	1	1	1	1	1	1	1	1	1	8	8	Đấu trường liên đấu (sơ) (1)
1437	1	1	1	1	1	1	1	1	1	1	1	1	1	1	8	8	Hội trường liên đấu (cao) (1)
1449	1	1	1	1	1	1	1	1	1	1	1	1	1	1	8	8	Khu chuẩn bị liên đấu (cao) (1)
1461	1	1	1	1	1	1	1	1	1	1	1	1	1	1	8	8	Đấu trường liên đấu (cao) (1)
1473	1	1	1	1	1	1	1	1	1	1	1	1	1	1	8	8	Đấu trường nhiều người (sơ) (1)
1485	1	1	1	1	1	1	1	1	1	1	1	1	1	1	8	8	Đấu trường nhiều người (cao) (1)
1497	1	1	1	1	1	1	1	1	1	1	1	1	1	1	1	1	Đào Nguyên 1
1498	1	1	1	2	2	2	2	2	2	2	2	2	2	2	2	2	Đào Nguyên 2
1499	1	1	1	3	3	3	7	7	7	7	7	7	7	7	7	7	Đào Nguyên 3
1500	1	1	2	4	4	4	4	4	4	4	4	4	4	4	4	4	Đào Nguyên 4
1507	1	1	1	1	1	1	1	1	1	1	1	1	1	1	8	8	Phi Tự Nhai
1536	1	1	1	1	1	1	1	1	1	1	1	1	1	1	15	15	Tần Lăng 1
1537	1	1	1	1	1	1	1	1	1	1	1	1	1	1	14	14	Tần Lăng 2
1538	1	1	1	2	3	3	7	7	7	7	7	7	7	7	13	13	Tần Lăng 3
1539	1	1	1	2	3	3	7	7	7	7	7	7	7	7	12	12	Tần Lăng 4
1540	1	1	1	2	3	3	7	7	7	7	7	7	7	7	11	11	Tần Lăng 5
1541	1	2	2	4	2	4	3	3	3	3	3	3	3	3	3	3	Triều Thánh Các
1542	1	1	1	1	1	1	1	1	1	1	1	1	1	1	1	1	Tiêu Dao Cốc
1543	1	1	1	1	2	2	2	2	2	2	2	2	2	2	2	2	Tiêu Dao Cốc
1544	1	1	1	2	3	3	7	7	7	7	7	7	7	7	7	7	Tiêu Dao Cốc
1545	1	1	2	2	4	4	4	4	4	4	4	4	4	4	4	4	Tiêu Dao Cốc
1546	1	2	3	3	5	5	5	5	5	5	5	5	5	5	5	5	Tiêu Dao Cốc
1547	1	2	3	3	3	6	6	6	6	6	6	6	6	6	6	6	Tiêu Dao Cốc
1548	1	2	2	4	2	4	3	3	3	3	3	3	3	3	3	3	Tiêu Dao Cốc
1638	1	2	2	2	2	1	2	2	2	2	2	2	2	2	9	9	Gia Dụ Quan Chiến-Phượng Tường 1
1665	1	1	1	1	1	1	1	1	1	1	1	1	1	1	1	1	Mật Thất Du Long (1)
1666	1	1	1	1	1	1	1	1	1	1	1	1	1	1	1	1	Mật Thất Du Long (2)
1667	1	1	1	1	1	1	1	1	1	1	1	1	1	1	1	1	Mật Thất Du Long (3)
1668	1	1	1	1	1	1	1	1	1	1	1	1	1	1	1	1	Mật Thất Du Long (4)
1669	1	2	2	2	2	2	2	2	2	2	2	2	2	2	2	2	Mật Thất Du Long (5)
1670	1	2	2	2	2	2	2	2	2	2	2	2	2	2	2	2	Mật Thất Du Long (6)
1671	1	2	2	2	2	2	2	2	2	2	2	2	2	2	2	2	Mật Thất Du Long (7)
1672	1	2	2	2	2	2	2	2	2	2	2	2	2	2	2	2	Mật Thất Du Long (8)
1723	1	1	1	1	1	1	1	1	1	1	1	1	1	1	1	1	Đắc Duyệt Phường
1724	1	2	2	1	2	2	2	2	2	2	2	2	2	2	2	2	Đắc Duyệt Phường
1725	1	1	3	4	2	4	3	3	3	3	3	3	3	3	3	3	Đắc Duyệt Phường
1726	1	2	1	2	4	4	4	4	4	4	4	4	4	4	4	4	Đắc Duyệt Phường
1727	1	1	2	3	5	5	5	5	5	5	5	5	5	5	5	5	Đắc Duyệt Phường
1728	1	2	3	3	3	6	6	6	6	6	6	6	6	6	6	6	Đắc Duyệt Phường
1742	1	1	1	1	1	1	1	1	1	1	1	1	1	1	8	8	Vạn Cốt Quật-Si
1743	1	1	1	1	2	2	2	2	2	2	2	2	2	2	9	9	Vạn Cốt Quật-Mị
1744	1	2	2	4	2	4	3	3	3	3	3	3	3	3	10	10	Vạn Cốt Quật-Võng
1745	1	1	2	2	4	4	4	4	4	4	4	4	4	4	11	11	Vạn Cốt Quật-Lưỡng
1746	1	2	3	3	5	5	5	5	5	5	5	5	5	5	12	12	Bái Nguyệt Đàn-Sóc
1747	1	2	3	3	3	6	6	6	6	6	6	6	6	6	13	13	Bái Nguyệt Đàn-Vọng
1748	1	1	1	2	3	3	7	7	7	7	7	7	7	7	14	14	Bái Nguyệt Đàn-Tàn
1749	1	1	1	1	1	1	1	1	1	1	1	1	1	1	8	8	Bái Nguyệt Đàn-Mi
1750	1	1	1	1	2	2	2	2	2	2	2	2	2	2	9	9	Hỗn Dương Điện-Quang
1751	1	2	2	4	2	4	3	3	3	3	3	3	3	3	10	10	Hỗn Dương Điện-Ảnh
1752	1	1	2	2	4	4	4	4	4	4	4	4	4	4	11	11	Hỗn Dương Điện-Minh
1753	1	2	3	3	5	5	5	5	5	5	5	5	5	5	12	12	Hỗn Dương Điện-Ám
1754	1	2	3	3	3	6	6	6	6	6	6	6	6	6	13	13	Phần Minh Đường-Tiêu
1755	1	1	1	2	3	3	7	7	7	7	7	7	7	7	14	14	Phần Minh Đường-Viêm
1756	1	1	1	1	1	1	1	1	1	1	1	1	1	1	8	8	Phần Minh Đường-Trần
1757	1	1	1	1	2	2	2	2	2	2	2	2	2	2	9	9	Phần Minh Đường-Thệ
1758	1	2	2	4	2	4	3	3	3	3	3	3	3	3	10	10	Vẫn Đan Cung-Nhật
1759	1	1	2	2	4	4	4	4	4	4	4	4	4	4	11	11	Vẫn Đan Cung-Nguyệt
1760	1	2	3	3	5	5	5	5	5	5	5	5	5	5	12	12	Vẫn Đan Cung-Tinh
1761	1	2	3	3	3	6	6	6	6	6	6	6	6	6	13	13	Vẫn Đan Cung-Thần
1762	1	1	1	2	3	3	7	7	7	7	7	7	7	7	14	14	Huyết La Môn-Sơn
1763	1	1	1	1	1	1	1	1	1	1	1	1	1	1	8	8	Huyết La Môn-Hà
1764	1	1	1	1	2	2	2	2	2	2	2	2	2	2	9	9	Huyết La Môn-Hồ
1765	1	2	2	4	2	4	3	3	3	3	3	3	3	3	10	10	Huyết La Môn-Hải
1766	1	1	2	2	4	4	4	4	4	4	4	4	4	4	11	11	Ma Long Điện-Vân
1767	1	2	3	3	5	5	5	5	5	5	5	5	5	5	12	12	Ma Long Điện-Điện
1768	1	2	3	3	3	6	6	6	6	6	6	6	6	6	13	13	Ma Long Điện-Nghê
1769	1	1	1	2	3	3	7	7	7	7	7	7	7	7	14	14	Ma Long Điện-Phong
1770	1	1	1	1	1	1	1	1	1	1	1	1	1	1	8	8	Thị Hồn Ốc-Linh
1771	1	1	1	1	2	2	2	2	2	2	2	2	2	2	9	9	Thị Hồn Ốc-Phách
1772	1	2	2	4	2	4	3	3	3	3	3	3	3	3	10	10	Thị Hồn Ốc-Minh
1773	1	1	2	2	4	4	4	4	4	4	4	4	4	4	11	11	Thị Hồn Ốc-Khu
1774	1	2	3	3	5	5	5	5	5	5	5	5	5	5	12	12	Vạn Cốt Quật-Si
1775	1	2	3	3	3	6	6	6	6	6	6	6	6	6	13	13	Vạn Cốt Quật-Mị
1776	1	1	1	2	3	3	7	7	7	7	7	7	7	7	14	14	Vạn Cốt Quật-Võng
1777	1	1	1	1	1	1	1	1	1	1	1	1	1	1	8	8	Vạn Cốt Quật-Lưỡng
1778	1	1	1	1	2	2	2	2	2	2	2	2	2	2	9	9	Bái Nguyệt Đàn-Sóc
1779	1	2	2	4	2	4	3	3	3	3	3	3	3	3	10	10	Bái Nguyệt Đàn-Vọng
1780	1	1	2	2	4	4	4	4	4	4	4	4	4	4	11	11	Bái Nguyệt Đàn-Tàn
1781	1	2	3	3	5	5	5	5	5	5	5	5	5	5	12	12	Bái Nguyệt Đàn-Mi
1782	1	2	3	3	3	6	6	6	6	6	6	6	6	6	13	13	Hỗn Dương Điện-Quang
1783	1	1	1	2	3	3	7	7	7	7	7	7	7	7	14	14	Hỗn Dương Điện-Ảnh
1784	1	1	1	1	1	1	1	1	1	1	1	1	1	1	8	8	Hỗn Dương Điện-Minh
1785	1	1	1	1	2	2	2	2	2	2	2	2	2	2	9	9	Hỗn Dương Điện-Ám
1786	1	2	2	4	2	4	3	3	3	3	3	3	3	3	10	10	Phần Minh Đường-Tiêu
1787	1	1	2	2	4	4	4	4	4	4	4	4	4	4	11	11	Phần Minh Đường-Viêm
1788	1	2	3	3	5	5	5	5	5	5	5	5	5	5	12	12	Phần Minh Đường-Trần
1789	1	2	3	3	3	6	6	6	6	6	6	6	6	6	13	13	Phần Minh Đường-Thệ
1790	1	1	1	2	3	3	7	7	7	7	7	7	7	7	14	14	Vẫn Đan Cung-Nhật
1791	1	1	1	1	1	1	1	1	1	1	1	1	1	1	8	8	Vẫn Đan Cung-Nguyệt
1792	1	1	1	1	2	2	2	2	2	2	2	2	2	2	9	9	Vẫn Đan Cung-Tinh
1793	1	2	2	4	2	4	3	3	3	3	3	3	3	3	10	10	Vẫn Đan Cung-Thần
1794	1	1	2	2	4	4	4	4	4	4	4	4	4	4	11	11	Huyết La Môn-Sơn
1795	1	2	3	3	5	5	5	5	5	5	5	5	5	5	12	12	Huyết La Môn-Hà
1796	1	2	3	3	3	6	6	6	6	6	6	6	6	6	13	13	Huyết La Môn-Hồ
1797	1	1	1	2	3	3	7	7	7	7	7	7	7	7	14	14	Huyết La Môn-Hải
1798	1	1	1	1	1	1	1	1	1	1	1	1	1	1	8	8	Ma Long Điện-Vân
1799	1	1	1	1	2	2	2	2	2	2	2	2	2	2	9	9	Ma Long Điện-Điện
1800	1	2	2	4	2	4	3	3	3	3	3	3	3	3	10	10	Ma Long Điện-Nghê
1801	1	1	2	2	4	4	4	4	4	4	4	4	4	4	11	11	Ma Long Điện-Phong
1802	1	2	3	3	5	5	5	5	5	5	5	5	5	5	12	12	Thị Hồn Ốc-Linh
1803	1	2	3	3	3	6	6	6	6	6	6	6	6	6	13	13	Thị Hồn Ốc-Phách
1804	1	1	1	2	3	3	7	7	7	7	7	7	7	7	14	14	Thị Hồn Ốc-Minh
1805	1	1	1	1	1	1	1	1	1	1	1	1	1	1	8	8	Thị Hồn Ốc-Khu
2013	1	2	2	1	2	2	2	2	2	2	2	2	2	2	2	2	Lâu Lan Cổ Thành
2014	1	1	1	1	2	2	2	2	2	2	2	2	2	2	2	2	Tiêu Dao Cốc (1)
2015	1	1	1	2	3	3	7	7	7	7	7	7	7	7	7	7	Tiêu Dao Cốc (1)
2016	1	1	2	2	4	4	4	4	4	4	4	4	4	4	4	4	Tiêu Dao Cốc (1)
2017	1	2	3	3	5	5	5	5	5	5	5	5	5	5	5	5	Tiêu Dao Cốc (1)
2018	1	2	3	3	3	6	6	6	6	6	6	6	6	6	6	6	Tiêu Dao Cốc (1)
2019	1	2	2	4	2	4	3	3	3	3	3	3	3	3	3	3	Tiêu Dao Cốc (1)
2020	1	1	1	1	1	1	1	1	1	1	1	1	1	1	1	1	Tiêu Dao Cốc (2)
2021	1	1	1	1	2	2	2	2	2	2	2	2	2	2	2	2	Tiêu Dao Cốc (2)
2022	1	1	1	2	3	3	7	7	7	7	7	7	7	7	7	7	Tiêu Dao Cốc (2)
2023	1	1	2	2	4	4	4	4	4	4	4	4	4	4	4	4	Tiêu Dao Cốc (2)
2024	1	2	3	3	5	5	5	5	5	5	5	5	5	5	5	5	Tiêu Dao Cốc (2)
2025	1	2	3	3	3	6	6	6	6	6	6	6	6	6	6	6	Tiêu Dao Cốc (2)
2026	1	2	2	4	2	4	3	3	3	3	3	3	3	3	3	3	Tiêu Dao Cốc (2)
2027	1	1	1	1	1	1	1	1	1	1	1	1	1	1	1	1	Tiêu Dao Cốc (3)
2028	1	1	1	1	2	2	2	2	2	2	2	2	2	2	2	2	Tiêu Dao Cốc (3)
2029	1	1	1	2	3	3	7	7	7	7	7	7	7	7	7	7	Tiêu Dao Cốc (3)
2030	1	1	2	2	4	4	4	4	4	4	4	4	4	4	4	4	Tiêu Dao Cốc (3)
2031	1	2	3	3	5	5	5	5	5	5	5	5	5	5	5	5	Tiêu Dao Cốc (3)
2032	1	2	3	3	3	6	6	6	6	6	6	6	6	6	6	6	Tiêu Dao Cốc (3)
2033	1	2	2	4	2	4	3	3	3	3	3	3	3	3	3	3	Tiêu Dao Cốc (3)
2034	1	1	1	1	1	1	1	1	1	1	1	1	1	1	1	1	Tiêu Dao Cốc (4)
2035	1	1	1	1	2	2	2	2	2	2	2	2	2	2	2	2	Tiêu Dao Cốc (4)
2036	1	1	1	2	3	3	7	7	7	7	7	7	7	7	7	7	Tiêu Dao Cốc (4)
2037	1	1	2	2	4	4	4	4	4	4	4	4	4	4	4	4	Tiêu Dao Cốc (4)
2038	1	2	3	3	5	5	5	5	5	5	5	5	5	5	5	5	Tiêu Dao Cốc (4)
2039	1	2	3	3	3	6	6	6	6	6	6	6	6	6	6	6	Tiêu Dao Cốc (4)
2040	1	2	2	4	2	4	3	3	3	3	3	3	3	3	3	3	Tiêu Dao Cốc (4)
2041	1	1	1	1	1	1	1	1	1	1	1	1	1	1	1	1	Tiêu Dao Cốc (5)
2042	1	1	1	1	2	2	2	2	2	2	2	2	2	2	2	2	Tiêu Dao Cốc (5)
2043	1	1	1	2	3	3	7	7	7	7	7	7	7	7	7	7	Tiêu Dao Cốc (5)
2044	1	1	2	2	4	4	4	4	4	4	4	4	4	4	4	4	Tiêu Dao Cốc (5)
2045	1	2	3	3	5	5	5	5	5	5	5	5	5	5	5	5	Tiêu Dao Cốc (5)
2046	1	2	3	3	3	6	6	6	6	6	6	6	6	6	6	6	Tiêu Dao Cốc (5)
2047	1	2	2	4	2	4	3	3	3	3	3	3	3	3	3	3	Tiêu Dao Cốc (5)
2048	1	1	1	1	1	1	1	1	1	1	1	1	1	1	1	1	Tiêu Dao Cốc (4)
2049	1	1	1	1	2	2	2	2	2	2	2	2	2	2	2	2	Tiêu Dao Cốc (4)
2050	1	1	1	2	3	3	7	7	7	7	7	7	7	7	7	7	Tiêu Dao Cốc (4)
2051	1	1	2	2	4	4	4	4	4	4	4	4	4	4	4	4	Tiêu Dao Cốc (4)
2052	1	2	3	3	5	5	5	5	5	5	5	5	5	5	5	5	Tiêu Dao Cốc (4)
2053	1	2	3	3	3	6	6	6	6	6	6	6	6	6	6	6	Tiêu Dao Cốc (4)
2054	1	2	2	4	2	4	3	3	3	3	3	3	3	3	3	3	Tiêu Dao Cốc (4)
2055	1	1	1	1	1	1	1	1	1	1	1	1	1	1	1	1	Tiêu Dao Cốc (1)
2092	1	2	3	3	5	5	5	5	5	5	5	5	5	5	12	8	Sân nhà Án Nhược Tuyết (1)
2095	1	2	3	3	3	6	3	3	3	3	3	3	3	3	3	3	Hậu hoa viên Dạ Lam Quan (1)
2098	1	2	3	3	5	5	5	5	5	5	5	5	5	5	12	8	Trạm Gác Tiền Tuyến (1) 
2101	1	1	2	2	4	4	4	4	4	4	4	4	4	4	11	8	Tịch Mịch Hoạch Thủy Trại (1)
2147	1	1	1	1	1	1	1	1	1	1	1	1	1	1	1	1	Cửa Ải Khắc Di Môn
2148	1	1	1	2	2	2	2	2	2	2	2	2	2	2	2	2	Đông Hạ Lan Sơn
2149	1	2	2	3	3	3	3	3	3	3	3	3	3	3	3	3	Diêm Châu
2150	1	2	2	4	4	4	4	4	4	4	4	4	4	4	4	4	Ngột Lạt Hải Thành
2151	1	2	3	4	5	5	5	5	5	5	5	5	5	5	5	5	Lộc Hợp Cốc
2154	1	1	1	4	1	1	1	1	1	1	1	1	1	8	15	13	Đào Khê Trấn (Kênh 1)
2261	1	1	1	2	3	3	7	7	7	7	7	7	7	7	7	7	Cổ Mộ Phái
