Id	Faction	nRoute	Sex	szGDPL
1	1	1	0	"2,7,5,3"
1	1	2	0	"2,7,5,3"
1	2	1	0	"2,7,5,3"
1	2	2	0	"2,7,5,3"
1	3	1	0	"2,7,25,3"
1	3	2	0	"2,7,25,3"
1	4	1	0	"2,7,25,3"
1	4	2	0	"2,7,25,3"
1	5	1	0	"2,7,45,3"
1	5	2	0	"2,7,45,3"
1	6	1	0	"2,7,45,3"
1	6	2	0	"2,7,45,3"
1	7	1	0	"2,7,65,3"
1	7	2	0	"2,7,65,3"
1	8	1	0	"2,7,65,3"
1	8	2	0	"2,7,65,3"
1	9	1	0	"2,7,85,3"
1	9	2	0	"2,7,85,3"
1	10	1	0	"2,7,85,3"
1	10	2	0	"2,7,85,3"
1	11	1	0	"2,7,25,3"
1	11	2	0	"2,7,25,3"
1	12	1	0	"2,7,45,3"
1	12	2	0	"2,7,45,3"
1	13	1	0	"2,7,85,3"
1	13	2	0	"2,7,85,3"
1	1	1	1	"2,7,15,3"
1	1	2	1	"2,7,15,3"
1	2	1	1	"2,7,15,3"
1	2	2	1	"2,7,15,3"
1	3	1	1	"2,7,35,3"
1	3	2	1	"2,7,35,3"
1	4	1	1	"2,7,35,3"
1	4	2	1	"2,7,35,3"
1	5	1	1	"2,7,55,3"
1	5	2	1	"2,7,55,3"
1	6	1	1	"2,7,55,3"
1	6	2	1	"2,7,55,3"
1	7	1	1	"2,7,75,3"
1	7	2	1	"2,7,75,3"
1	8	1	1	"2,7,75,3"
1	8	2	1	"2,7,75,3"
1	9	1	1	"2,7,95,3"
1	9	2	1	"2,7,95,3"
1	10	1	1	"2,7,95,3"
1	10	2	1	"2,7,95,3"
1	11	1	1	"2,7,35,3"
1	11	2	1	"2,7,35,3"
1	12	1	1	"2,7,55,3"
1	12	2	1	"2,7,55,3"
1	13	1	1	"2,7,95,3"
1	13	2	1	"2,7,95,3"
2	1	1	0	"2,10,5,3"
2	1	2	0	"2,10,5,3"
2	2	1	0	"2,10,5,3"
2	2	2	0	"2,10,5,3"
2	3	1	0	"2,10,25,3"
2	3	2	0	"2,10,25,3"
2	4	1	0	"2,10,25,3"
2	4	2	0	"2,10,25,3"
2	5	1	0	"2,10,45,3"
2	5	2	0	"2,10,45,3"
2	6	1	0	"2,10,45,3"
2	6	2	0	"2,10,45,3"
2	7	1	0	"2,10,65,3"
2	7	2	0	"2,10,65,3"
2	8	1	0	"2,10,65,3"
2	8	2	0	"2,10,65,3"
2	9	1	0	"2,10,85,3"
2	9	2	0	"2,10,85,3"
2	10	1	0	"2,10,85,3"
2	10	2	0	"2,10,85,3"
2	11	1	0	"2,10,25,3"
2	11	2	0	"2,10,25,3"
2	12	1	0	"2,10,45,3"
2	12	2	0	"2,10,45,3"
2	13	1	0	"2,10,85,3"
2	13	2	0	"2,10,85,3"
2	1	1	1	"2,10,15,3"
2	1	2	1	"2,10,15,3"
2	2	1	1	"2,10,15,3"
2	2	2	1	"2,10,15,3"
2	3	1	1	"2,10,35,3"
2	3	2	1	"2,10,35,3"
2	4	1	1	"2,10,35,3"
2	4	2	1	"2,10,35,3"
2	5	1	1	"2,10,55,3"
2	5	2	1	"2,10,55,3"
2	6	1	1	"2,10,55,3"
2	6	2	1	"2,10,55,3"
2	7	1	1	"2,10,75,3"
2	7	2	1	"2,10,75,3"
2	8	1	1	"2,10,75,3"
2	8	2	1	"2,10,75,3"
2	9	1	1	"2,10,95,3"
2	9	2	1	"2,10,95,3"
2	10	1	1	"2,10,95,3"
2	10	2	1	"2,10,95,3"
2	11	1	1	"2,10,35,3"
2	11	2	1	"2,10,35,3"
2	12	1	1	"2,10,55,3"
2	12	2	1	"2,10,55,3"
2	13	1	1	"2,10,95,3"
2	13	2	1	"2,10,95,3"
3	1	1	0	"2,8,3,3"
3	1	2	0	"2,8,3,3"
3	2	1	0	"2,8,3,3"
3	2	2	0	"2,8,3,3"
3	3	1	0	"2,8,23,3"
3	3	2	0	"2,8,23,3"
3	4	1	0	"2,8,23,3"
3	4	2	0	"2,8,23,3"
3	5	1	0	"2,8,43,3"
3	5	2	0	"2,8,43,3"
3	6	1	0	"2,8,43,3"
3	6	2	0	"2,8,43,3"
3	7	1	0	"2,8,63,3"
3	7	2	0	"2,8,63,3"
3	8	1	0	"2,8,63,3"
3	8	2	0	"2,8,63,3"
3	9	1	0	"2,8,83,3"
3	9	2	0	"2,8,83,3"
3	10	1	0	"2,8,83,3"
3	10	2	0	"2,8,83,3"
3	11	1	0	"2,8,23,3"
3	11	2	0	"2,8,23,3"
3	12	1	0	"2,8,43,3"
3	12	2	0	"2,8,43,3"
3	13	1	0	"2,8,83,3"
3	13	2	0	"2,8,83,3"
3	1	1	1	"2,8,13,3"
3	1	2	1	"2,8,13,3"
3	2	1	1	"2,8,13,3"
3	2	2	1	"2,8,13,3"
3	3	1	1	"2,8,33,3"
3	3	2	1	"2,8,33,3"
3	4	1	1	"2,8,33,3"
3	4	2	1	"2,8,33,3"
3	5	1	1	"2,8,53,3"
3	5	2	1	"2,8,53,3"
3	6	1	1	"2,8,53,3"
3	6	2	1	"2,8,53,3"
3	7	1	1	"2,8,73,3"
3	7	2	1	"2,8,73,3"
3	8	1	1	"2,8,73,3"
3	8	2	1	"2,8,73,3"
3	9	1	1	"2,8,93,3"
3	9	2	1	"2,8,93,3"
3	10	1	1	"2,8,93,3"
3	10	2	1	"2,8,93,3"
3	11	1	1	"2,8,33,3"
3	11	2	1	"2,8,33,3"
3	12	1	1	"2,8,53,3"
3	12	2	1	"2,8,53,3"
3	13	1	1	"2,8,93,3"
3	13	2	1	"2,8,93,3"
4	1	1	0	"2,3,25,3"
4	1	2	0	"2,3,5,3"
4	2	1	0	"2,3,5,3"
4	2	2	0	"2,3,5,3"
4	3	1	0	"2,3,45,3"
4	3	2	0	"2,3,45,3"
4	4	1	0	"2,3,45,3"
4	4	2	0	"2,3,65,3"
4	5	1	0	"2,3,105,3"
4	5	2	0	"2,3,105,3"
4	6	1	0	"2,3,105,3"
4	6	2	0	"2,3,105,3"
4	7	1	0	"2,3,145,3"
4	7	2	0	"2,3,145,3"
4	8	1	0	"2,3,125,3"
4	8	2	0	"2,3,145,3"
4	9	1	0	"2,3,185,3"
4	9	2	0	"2,3,165,3"
4	10	1	0	"2,3,185,3"
4	10	2	0	"2,3,185,3"
4	11	1	0	"2,3,45,3"
4	11	2	0	"2,3,45,3"
4	12	1	0	"2,3,85,3"
4	12	2	0	"2,3,105,3"
4	13	1	0	"2,3,1365,3"
4	13	2	0	"2,3,1365,3"
4	1	1	1	"2,3,35,3"
4	1	2	1	"2,3,15,3"
4	2	1	1	"2,3,15,3"
4	2	2	1	"2,3,15,3"
4	3	1	1	"2,3,55,3"
4	3	2	1	"2,3,55,3"
4	4	1	1	"2,3,55,3"
4	4	2	1	"2,3,75,3"
4	5	1	1	"2,3,115,3"
4	5	2	1	"2,3,115,3"
4	6	1	1	"2,3,115,3"
4	6	2	1	"2,3,115,3"
4	7	1	1	"2,3,155,3"
4	7	2	1	"2,3,155,3"
4	8	1	1	"2,3,135,3"
4	8	2	1	"2,3,155,3"
4	9	1	1	"2,3,195,3"
4	9	2	1	"2,3,175,3"
4	10	1	1	"2,3,195,3"
4	10	2	1	"2,3,195,3"
4	11	1	1	"2,3,55,3"
4	11	2	1	"2,3,55,3"
4	12	1	1	"2,3,95,3"
4	12	2	1	"2,3,115,3"
4	13	1	1	"2,3,1375,3"
4	13	2	1	"2,3,1375,3"
5	1	1	0	"2,6,5,4"
5	1	2	0	"2,6,5,4"
5	2	1	0	"2,6,5,4"
5	2	2	0	"2,6,5,4"
5	3	1	0	"2,6,15,4"
5	3	2	0	"2,6,15,4"
5	4	1	0	"2,6,15,4"
5	4	2	0	"2,6,15,4"
5	5	1	0	"2,6,25,4"
5	5	2	0	"2,6,25,4"
5	6	1	0	"2,6,25,4"
5	6	2	0	"2,6,25,4"
5	7	1	0	"2,6,35,4"
5	7	2	0	"2,6,35,4"
5	8	1	0	"2,6,35,4"
5	8	2	0	"2,6,35,4"
5	9	1	0	"2,6,45,4"
5	9	2	0	"2,6,45,4"
5	10	1	0	"2,6,45,4"
5	10	2	0	"2,6,45,4"
5	11	1	0	"2,6,15,4"
5	11	2	0	"2,6,15,4"
5	12	1	0	"2,6,25,4"
5	12	2	0	"2,6,25,4"
5	13	1	0	"2,6,45,4"
5	13	2	0	"2,6,45,4"
5	1	1	1	"2,6,5,4"
5	1	2	1	"2,6,5,4"
5	2	1	1	"2,6,5,4"
5	2	2	1	"2,6,5,4"
5	3	1	1	"2,6,15,4"
5	3	2	1	"2,6,15,4"
5	4	1	1	"2,6,15,4"
5	4	2	1	"2,6,15,4"
5	5	1	1	"2,6,25,4"
5	5	2	1	"2,6,25,4"
5	6	1	1	"2,6,25,4"
5	6	2	1	"2,6,25,4"
5	7	1	1	"2,6,35,4"
5	7	2	1	"2,6,35,4"
5	8	1	1	"2,6,35,4"
5	8	2	1	"2,6,35,4"
5	9	1	1	"2,6,45,4"
5	9	2	1	"2,6,45,4"
5	10	1	1	"2,6,45,4"
5	10	2	1	"2,6,45,4"
5	11	1	1	"2,6,15,4"
5	11	2	1	"2,6,15,4"
5	12	1	1	"2,6,25,4"
5	12	2	1	"2,6,25,4"
5	13	1	1	"2,6,45,4"
5	13	2	1	"2,6,45,4"
6	1	1	0	"2,11,4,4"
6	1	2	0	"2,11,4,4"
6	2	1	0	"2,11,4,4"
6	2	2	0	"2,11,4,4"
6	3	1	0	"2,11,24,4"
6	3	2	0	"2,11,24,4"
6	4	1	0	"2,11,24,4"
6	4	2	0	"2,11,24,4"
6	5	1	0	"2,11,44,4"
6	5	2	0	"2,11,44,4"
6	6	1	0	"2,11,44,4"
6	6	2	0	"2,11,44,4"
6	7	1	0	"2,11,64,4"
6	7	2	0	"2,11,64,4"
6	8	1	0	"2,11,64,4"
6	8	2	0	"2,11,64,4"
6	9	1	0	"2,11,84,4"
6	9	2	0	"2,11,84,4"
6	10	1	0	"2,11,84,4"
6	10	2	0	"2,11,84,4"
6	11	1	0	"2,11,24,4"
6	11	2	0	"2,11,24,4"
6	12	1	0	"2,11,44,4"
6	12	2	0	"2,11,44,4"
6	13	1	0	"2,11,84,4"
6	13	2	0	"2,11,84,4"
6	1	1	1	"2,11,14,4"
6	1	2	1	"2,11,14,4"
6	2	1	1	"2,11,14,4"
6	2	2	1	"2,11,14,4"
6	3	1	1	"2,11,34,4"
6	3	2	1	"2,11,34,4"
6	4	1	1	"2,11,34,4"
6	4	2	1	"2,11,34,4"
6	5	1	1	"2,11,54,4"
6	5	2	1	"2,11,54,4"
6	6	1	1	"2,11,54,4"
6	6	2	1	"2,11,54,4"
6	7	1	1	"2,11,74,4"
6	7	2	1	"2,11,74,4"
6	8	1	1	"2,11,74,4"
6	8	2	1	"2,11,74,4"
6	9	1	1	"2,11,94,4"
6	9	2	1	"2,11,94,4"
6	10	1	1	"2,11,94,4"
6	10	2	1	"2,11,94,4"
6	11	1	1	"2,11,34,4"
6	11	2	1	"2,11,34,4"
6	12	1	1	"2,11,54,4"
6	12	2	1	"2,11,54,4"
6	13	1	1	"2,11,94,4"
6	13	2	1	"2,11,94,4"
7	1	1	0	"2,4,4,4"
7	1	2	0	"2,4,4,4"
7	2	1	0	"2,4,4,4"
7	2	2	0	"2,4,4,4"
7	3	1	0	"2,4,14,4"
7	3	2	0	"2,4,14,4"
7	4	1	0	"2,4,14,4"
7	4	2	0	"2,4,14,4"
7	5	1	0	"2,4,24,4"
7	5	2	0	"2,4,24,4"
7	6	1	0	"2,4,24,4"
7	6	2	0	"2,4,24,4"
7	7	1	0	"2,4,34,4"
7	7	2	0	"2,4,34,4"
7	8	1	0	"2,4,34,4"
7	8	2	0	"2,4,34,4"
7	9	1	0	"2,4,44,4"
7	9	2	0	"2,4,44,4"
7	10	1	0	"2,4,44,4"
7	10	2	0	"2,4,44,4"
7	11	1	0	"2,4,14,4"
7	11	2	0	"2,4,14,4"
7	12	1	0	"2,4,24,4"
7	12	2	0	"2,4,24,4"
7	13	1	0	"2,4,44,4"
7	13	2	0	"2,4,44,4"
7	1	1	1	"2,4,4,4"
7	1	2	1	"2,4,4,4"
7	2	1	1	"2,4,4,4"
7	2	2	1	"2,4,4,4"
7	3	1	1	"2,4,14,4"
7	3	2	1	"2,4,14,4"
7	4	1	1	"2,4,14,4"
7	4	2	1	"2,4,14,4"
7	5	1	1	"2,4,24,4"
7	5	2	1	"2,4,24,4"
7	6	1	1	"2,4,24,4"
7	6	2	1	"2,4,24,4"
7	7	1	1	"2,4,34,4"
7	7	2	1	"2,4,34,4"
7	8	1	1	"2,4,34,4"
7	8	2	1	"2,4,34,4"
7	9	1	1	"2,4,44,4"
7	9	2	1	"2,4,44,4"
7	10	1	1	"2,4,44,4"
7	10	2	1	"2,4,44,4"
7	11	1	1	"2,4,14,4"
7	11	2	1	"2,4,14,4"
7	12	1	1	"2,4,24,4"
7	12	2	1	"2,4,24,4"
7	13	1	1	"2,4,44,4"
7	13	2	1	"2,4,44,4"
8	1	1	0	"2,5,4,4"
8	1	2	0	"2,5,4,4"
8	2	1	0	"2,5,4,4"
8	2	2	0	"2,5,4,4"
8	3	1	0	"2,5,14,4"
8	3	2	0	"2,5,14,4"
8	4	1	0	"2,5,14,4"
8	4	2	0	"2,5,14,4"
8	5	1	0	"2,5,24,4"
8	5	2	0	"2,5,24,4"
8	6	1	0	"2,5,24,4"
8	6	2	0	"2,5,24,4"
8	7	1	0	"2,5,34,4"
8	7	2	0	"2,5,34,4"
8	8	1	0	"2,5,34,4"
8	8	2	0	"2,5,34,4"
8	9	1	0	"2,5,44,4"
8	9	2	0	"2,5,44,4"
8	10	1	0	"2,5,44,4"
8	10	2	0	"2,5,44,4"
8	11	1	0	"2,5,14,4"
8	11	2	0	"2,5,14,4"
8	12	1	0	"2,5,24,4"
8	12	2	0	"2,5,24,4"
8	13	1	0	"2,5,44,4"
8	13	2	0	"2,5,44,4"
8	1	1	1	"2,5,4,4"
8	1	2	1	"2,5,4,4"
8	2	1	1	"2,5,4,4"
8	2	2	1	"2,5,4,4"
8	3	1	1	"2,5,14,4"
8	3	2	1	"2,5,14,4"
8	4	1	1	"2,5,14,4"
8	4	2	1	"2,5,14,4"
8	5	1	1	"2,5,24,4"
8	5	2	1	"2,5,24,4"
8	6	1	1	"2,5,24,4"
8	6	2	1	"2,5,24,4"
8	7	1	1	"2,5,34,4"
8	7	2	1	"2,5,34,4"
8	8	1	1	"2,5,34,4"
8	8	2	1	"2,5,34,4"
8	9	1	1	"2,5,44,4"
8	9	2	1	"2,5,44,4"
8	10	1	1	"2,5,44,4"
8	10	2	1	"2,5,44,4"
8	11	1	1	"2,5,14,4"
8	11	2	1	"2,5,14,4"
8	12	1	1	"2,5,24,4"
8	12	2	1	"2,5,24,4"
8	13	1	1	"2,5,44,4"
8	13	2	1	"2,5,44,4"
9	1	1	0	"2,9,24,4"
9	1	2	0	"2,9,4,4"
9	2	1	0	"2,9,4,4"
9	2	2	0	"2,9,4,4"
9	3	1	0	"2,9,44,4"
9	3	2	0	"2,9,44,4"
9	4	1	0	"2,9,44,4"
9	4	2	0	"2,9,64,4"
9	5	1	0	"2,9,104,4"
9	5	2	0	"2,9,104,4"
9	6	1	0	"2,9,104,4"
9	6	2	0	"2,9,104,4"
9	7	1	0	"2,9,144,4"
9	7	2	0	"2,9,144,4"
9	8	1	0	"2,9,124,4"
9	8	2	0	"2,9,144,4"
9	9	1	0	"2,9,184,4"
9	9	2	0	"2,9,164,4"
9	10	1	0	"2,9,184,4"
9	10	2	0	"2,9,184,4"
9	11	1	0	"2,9,44,4"
9	11	2	0	"2,9,44,4"
9	12	1	0	"2,9,84,4"
9	12	2	0	"2,9,104,4"
9	13	1	0	"2,9,1004,4"
9	13	2	0	"2,9,1004,4"
9	1	1	1	"2,9,94,4"
9	1	2	1	"2,9,14,4"
9	2	1	1	"2,9,14,4"
9	2	2	1	"2,9,14,4"
9	3	1	1	"2,9,94,4"
9	3	2	1	"2,9,54,4"
9	4	1	1	"2,9,54,4"
9	4	2	1	"2,9,74,4"
9	5	1	1	"2,9,114,4"
9	5	2	1	"2,9,114,4"
9	6	1	1	"2,9,114,4"
9	6	2	1	"2,9,114,4"
9	7	1	1	"2,9,154,4"
9	7	2	1	"2,9,154,4"
9	8	1	1	"2,9,194,4"
9	8	2	1	"2,9,154,4"
9	9	1	1	"2,9,194,4"
9	9	2	1	"2,9,174,4"
9	10	1	1	"2,9,194,4"
9	10	2	1	"2,9,194,4"
9	11	1	1	"2,9,54,4"
9	11	2	1	"2,9,54,4"
9	12	1	1	"2,9,94,4"
9	12	2	1	"2,9,114,4"
9	13	1	1	"2,9,1014,4"
9	13	2	1	"2,9,1014,4"
10	1	1	0	"2,1,186,5"
10	1	2	0	"2,1,196,5"
10	2	1	0	"2,1,206,5"
10	2	2	0	"2,1,216,5"
10	3	1	0	"2,2,25,5"
10	3	2	0	"2,2,35,5"
10	4	1	0	"2,1,226,5"
10	4	2	0	"2,1,236,5"
10	5	1	0	"2,1,266,5"
10	5	2	0	"2,1,276,5"
10	6	1	0	"2,1,276,5"
10	6	2	0	"2,1,246,5"
10	7	1	0	"2,1,306,5"
10	7	2	0	"2,1,286,5"
10	8	1	0	"2,1,296,5"
10	8	2	0	"2,1,316,5"
10	9	1	0	"2,1,346,5"
10	9	2	0	"2,1,336,5"
10	10	1	0	"2,1,326,5"
10	10	2	0	"2,1,356,5"
10	11	1	0	"2,1,926,5"
10	11	2	0	"2,1,936,5"
10	12	1	0	"2,1,256,5"
10	12	2	0	"2,1,276,5"
10	13	1	0	"2,1,1481,5"
10	13	2	0	"2,2,179,5"
10	1	1	1	"2,1,186,5"
10	1	2	1	"2,1,196,5"
10	2	1	1	"2,1,206,5"
10	2	2	1	"2,1,216,5"
10	3	1	1	"2,2,25,5"
10	3	2	1	"2,2,35,5"
10	4	1	1	"2,1,226,5"
10	4	2	1	"2,1,236,5"
10	5	1	1	"2,1,266,5"
10	5	2	1	"2,1,276,5"
10	6	1	1	"2,1,276,5"
10	6	2	1	"2,1,246,5"
10	7	1	1	"2,1,306,5"
10	7	2	1	"2,1,286,5"
10	8	1	1	"2,1,296,5"
10	8	2	1	"2,1,316,5"
10	9	1	1	"2,1,346,5"
10	9	2	1	"2,1,336,5"
10	10	1	1	"2,1,326,5"
10	10	2	1	"2,1,356,5"
10	11	1	1	"2,1,926,5"
10	11	2	1	"2,1,936,5"
10	12	1	1	"2,1,256,5"
10	12	2	1	"2,1,276,5"
10	13	1	1	"2,1,1481,5"
10	13	2	1	"2,2,179,5"
11	1	1	0	"2,7,107,5"
11	1	2	0	"2,7,107,5"
11	2	1	0	"2,7,107,5"
11	2	2	0	"2,7,107,5"
11	3	1	0	"2,7,127,5"
11	3	2	0	"2,7,127,5"
11	4	1	0	"2,7,127,5"
11	4	2	0	"2,7,127,5"
11	5	1	0	"2,7,147,5"
11	5	2	0	"2,7,147,5"
11	6	1	0	"2,7,147,5"
11	6	2	0	"2,7,147,5"
11	7	1	0	"2,7,167,5"
11	7	2	0	"2,7,167,5"
11	8	1	0	"2,7,167,5"
11	8	2	0	"2,7,167,5"
11	9	1	0	"2,7,187,5"
11	9	2	0	"2,7,187,5"
11	10	1	0	"2,7,187,5"
11	10	2	0	"2,7,187,5"
11	11	1	0	"2,7,127,5"
11	11	2	0	"2,7,127,5"
11	12	1	0	"2,7,147,5"
11	12	2	0	"2,7,147,5"
11	13	1	0	"2,7,187,5"
11	13	2	0	"2,7,187,5"
11	1	1	1	"2,7,117,5"
11	1	2	1	"2,7,117,5"
11	2	1	1	"2,7,117,5"
11	2	2	1	"2,7,117,5"
11	3	1	1	"2,7,137,5"
11	3	2	1	"2,7,137,5"
11	4	1	1	"2,7,137,5"
11	4	2	1	"2,7,137,5"
11	5	1	1	"2,7,157,5"
11	5	2	1	"2,7,157,5"
11	6	1	1	"2,7,157,5"
11	6	2	1	"2,7,157,5"
11	7	1	1	"2,7,177,5"
11	7	2	1	"2,7,177,5"
11	8	1	1	"2,7,177,5"
11	8	2	1	"2,7,177,5"
11	9	1	1	"2,7,197,5"
11	9	2	1	"2,7,197,5"
11	10	1	1	"2,7,197,5"
11	10	2	1	"2,7,197,5"
11	11	1	1	"2,7,137,5"
11	11	2	1	"2,7,137,5"
11	12	1	1	"2,7,157,5"
11	12	2	1	"2,7,157,5"
11	13	1	1	"2,7,197,5"
11	13	2	1	"2,7,197,5"
12	1	1	0	"2,10,107,5"
12	1	2	0	"2,10,107,5"
12	2	1	0	"2,10,107,5"
12	2	2	0	"2,10,107,5"
12	3	1	0	"2,10,127,5"
12	3	2	0	"2,10,127,5"
12	4	1	0	"2,10,127,5"
12	4	2	0	"2,10,127,5"
12	5	1	0	"2,10,147,5"
12	5	2	0	"2,10,147,5"
12	6	1	0	"2,10,147,5"
12	6	2	0	"2,10,147,5"
12	7	1	0	"2,10,167,5"
12	7	2	0	"2,10,167,5"
12	8	1	0	"2,10,167,5"
12	8	2	0	"2,10,167,5"
12	9	1	0	"2,10,187,5"
12	9	2	0	"2,10,187,5"
12	10	1	0	"2,10,187,5"
12	10	2	0	"2,10,187,5"
12	11	1	0	"2,10,127,5"
12	11	2	0	"2,10,127,5"
12	12	1	0	"2,10,147,5"
12	12	2	0	"2,10,147,5"
12	13	1	0	"2,10,187,5"
12	13	2	0	"2,10,187,5"
12	1	1	1	"2,10,117,5"
12	1	2	1	"2,10,117,5"
12	2	1	1	"2,10,117,5"
12	2	2	1	"2,10,117,5"
12	3	1	1	"2,10,137,5"
12	3	2	1	"2,10,137,5"
12	4	1	1	"2,10,137,5"
12	4	2	1	"2,10,137,5"
12	5	1	1	"2,10,157,5"
12	5	2	1	"2,10,157,5"
12	6	1	1	"2,10,157,5"
12	6	2	1	"2,10,157,5"
12	7	1	1	"2,10,177,5"
12	7	2	1	"2,10,177,5"
12	8	1	1	"2,10,177,5"
12	8	2	1	"2,10,177,5"
12	9	1	1	"2,10,197,5"
12	9	2	1	"2,10,197,5"
12	10	1	1	"2,10,197,5"
12	10	2	1	"2,10,197,5"
12	11	1	1	"2,10,137,5"
12	11	2	1	"2,10,137,5"
12	12	1	1	"2,10,157,5"
12	12	2	1	"2,10,157,5"
12	13	1	1	"2,10,197,5"
12	13	2	1	"2,10,197,5"
13	1	1	0	"2,8,105,5"
13	1	2	0	"2,8,105,5"
13	2	1	0	"2,8,105,5"
13	2	2	0	"2,8,105,5"
13	3	1	0	"2,8,125,5"
13	3	2	0	"2,8,125,5"
13	4	1	0	"2,8,125,5"
13	4	2	0	"2,8,125,5"
13	5	1	0	"2,8,145,5"
13	5	2	0	"2,8,145,5"
13	6	1	0	"2,8,145,5"
13	6	2	0	"2,8,145,5"
13	7	1	0	"2,8,165,5"
13	7	2	0	"2,8,165,5"
13	8	1	0	"2,8,165,5"
13	8	2	0	"2,8,165,5"
13	9	1	0	"2,8,185,5"
13	9	2	0	"2,8,185,5"
13	10	1	0	"2,8,185,5"
13	10	2	0	"2,8,185,5"
13	11	1	0	"2,8,125,5"
13	11	2	0	"2,8,125,5"
13	12	1	0	"2,8,145,5"
13	12	2	0	"2,8,145,5"
13	13	1	0	"2,8,185,5"
13	13	2	0	"2,8,185,5"
13	1	1	1	"2,8,115,5"
13	1	2	1	"2,8,115,5"
13	2	1	1	"2,8,115,5"
13	2	2	1	"2,8,115,5"
13	3	1	1	"2,8,135,5"
13	3	2	1	"2,8,135,5"
13	4	1	1	"2,8,135,5"
13	4	2	1	"2,8,135,5"
13	5	1	1	"2,8,155,5"
13	5	2	1	"2,8,155,5"
13	6	1	1	"2,8,155,5"
13	6	2	1	"2,8,155,5"
13	7	1	1	"2,8,175,5"
13	7	2	1	"2,8,175,5"
13	8	1	1	"2,8,175,5"
13	8	2	1	"2,8,175,5"
13	9	1	1	"2,8,195,5"
13	9	2	1	"2,8,195,5"
13	10	1	1	"2,8,195,5"
13	10	2	1	"2,8,195,5"
13	11	1	1	"2,8,135,5"
13	11	2	1	"2,8,135,5"
13	12	1	1	"2,8,155,5"
13	12	2	1	"2,8,155,5"
13	13	1	1	"2,8,195,5"
13	13	2	1	"2,8,195,5"
14	1	1	0	"2,3,227,5"
14	1	2	0	"2,3,207,5"
14	2	1	0	"2,3,207,5"
14	2	2	0	"2,3,207,5"
14	3	1	0	"2,3,247,5"
14	3	2	0	"2,3,247,5"
14	4	1	0	"2,3,247,5"
14	4	2	0	"2,3,267,5"
14	5	1	0	"2,3,307,5"
14	5	2	0	"2,3,307,5"
14	6	1	0	"2,3,307,5"
14	6	2	0	"2,3,307,5"
14	7	1	0	"2,3,347,5"
14	7	2	0	"2,3,347,5"
14	8	1	0	"2,3,327,5"
14	8	2	0	"2,3,347,5"
14	9	1	0	"2,3,387,5"
14	9	2	0	"2,3,367,5"
14	10	1	0	"2,3,387,5"
14	10	2	0	"2,3,387,5"
14	11	1	0	"2,3,247,5"
14	11	2	0	"2,3,247,5"
14	12	1	0	"2,3,287,5"
14	12	2	0	"2,3,307,5"
14	13	1	0	"2,3,1399,5"
14	13	2	0	"2,3,1399,5"
14	1	1	1	"2,3,237,5"
14	1	2	1	"2,3,217,5"
14	2	1	1	"2,3,217,5"
14	2	2	1	"2,3,217,5"
14	3	1	1	"2,3,257,5"
14	3	2	1	"2,3,257,5"
14	4	1	1	"2,3,257,5"
14	4	2	1	"2,3,277,5"
14	5	1	1	"2,3,317,5"
14	5	2	1	"2,3,317,5"
14	6	1	1	"2,3,317,5"
14	6	2	1	"2,3,317,5"
14	7	1	1	"2,3,357,5"
14	7	2	1	"2,3,357,5"
14	8	1	1	"2,3,337,5"
14	8	2	1	"2,3,357,5"
14	9	1	1	"2,3,397,5"
14	9	2	1	"2,3,377,5"
14	10	1	1	"2,3,397,5"
14	10	2	1	"2,3,397,5"
14	11	1	1	"2,3,257,5"
14	11	2	1	"2,3,257,5"
14	12	1	1	"2,3,297,5"
14	12	2	1	"2,3,317,5"
14	13	1	1	"2,3,1409,5"
14	13	2	1	"2,3,1409,5"
15	1	1	0	"2,6,56,5"
15	1	2	0	"2,6,56,5"
15	2	1	0	"2,6,56,5"
15	2	2	0	"2,6,56,5"
15	3	1	0	"2,6,66,5"
15	3	2	0	"2,6,66,5"
15	4	1	0	"2,6,66,5"
15	4	2	0	"2,6,66,5"
15	5	1	0	"2,6,76,5"
15	5	2	0	"2,6,76,5"
15	6	1	0	"2,6,76,5"
15	6	2	0	"2,6,76,5"
15	7	1	0	"2,6,86,5"
15	7	2	0	"2,6,86,5"
15	8	1	0	"2,6,86,5"
15	8	2	0	"2,6,86,5"
15	9	1	0	"2,6,96,5"
15	9	2	0	"2,6,96,5"
15	10	1	0	"2,6,96,5"
15	10	2	0	"2,6,96,5"
15	11	1	0	"2,6,66,5"
15	11	2	0	"2,6,66,5"
15	12	1	0	"2,6,76,5"
15	12	2	0	"2,6,76,5"
15	13	1	0	"2,6,96,5"
15	13	2	0	"2,6,96,5"
15	1	1	1	"2,6,56,5"
15	1	2	1	"2,6,56,5"
15	2	1	1	"2,6,56,5"
15	2	2	1	"2,6,56,5"
15	3	1	1	"2,6,66,5"
15	3	2	1	"2,6,66,5"
15	4	1	1	"2,6,66,5"
15	4	2	1	"2,6,66,5"
15	5	1	1	"2,6,76,5"
15	5	2	1	"2,6,76,5"
15	6	1	1	"2,6,76,5"
15	6	2	1	"2,6,76,5"
15	7	1	1	"2,6,86,5"
15	7	2	1	"2,6,86,5"
15	8	1	1	"2,6,86,5"
15	8	2	1	"2,6,86,5"
15	9	1	1	"2,6,96,5"
15	9	2	1	"2,6,96,5"
15	10	1	1	"2,6,96,5"
15	10	2	1	"2,6,96,5"
15	11	1	1	"2,6,66,5"
15	11	2	1	"2,6,66,5"
15	12	1	1	"2,6,76,5"
15	12	2	1	"2,6,76,5"
15	13	1	1	"2,6,96,5"
15	13	2	1	"2,6,96,5"
16	1	1	0	"2,11,105,5"
16	1	2	0	"2,11,105,5"
16	2	1	0	"2,11,105,5"
16	2	2	0	"2,11,105,5"
16	3	1	0	"2,11,125,5"
16	3	2	0	"2,11,125,5"
16	4	1	0	"2,11,125,5"
16	4	2	0	"2,11,125,5"
16	5	1	0	"2,11,145,5"
16	5	2	0	"2,11,145,5"
16	6	1	0	"2,11,145,5"
16	6	2	0	"2,11,145,5"
16	7	1	0	"2,11,165,5"
16	7	2	0	"2,11,165,5"
16	8	1	0	"2,11,165,5"
16	8	2	0	"2,11,165,5"
16	9	1	0	"2,11,185,5"
16	9	2	0	"2,11,185,5"
16	10	1	0	"2,11,185,5"
16	10	2	0	"2,11,185,5"
16	11	1	0	"2,11,125,5"
16	11	2	0	"2,11,125,5"
16	12	1	0	"2,11,145,5"
16	12	2	0	"2,11,145,5"
16	13	1	0	"2,11,185,5"
16	13	2	0	"2,11,185,5"
16	1	1	1	"2,11,115,5"
16	1	2	1	"2,11,115,5"
16	2	1	1	"2,11,115,5"
16	2	2	1	"2,11,115,5"
16	3	1	1	"2,11,135,5"
16	3	2	1	"2,11,135,5"
16	4	1	1	"2,11,135,5"
16	4	2	1	"2,11,135,5"
16	5	1	1	"2,11,155,5"
16	5	2	1	"2,11,155,5"
16	6	1	1	"2,11,155,5"
16	6	2	1	"2,11,155,5"
16	7	1	1	"2,11,175,5"
16	7	2	1	"2,11,175,5"
16	8	1	1	"2,11,175,5"
16	8	2	1	"2,11,175,5"
16	9	1	1	"2,11,195,5"
16	9	2	1	"2,11,195,5"
16	10	1	1	"2,11,195,5"
16	10	2	1	"2,11,195,5"
16	11	1	1	"2,11,135,5"
16	11	2	1	"2,11,135,5"
16	12	1	1	"2,11,155,5"
16	12	2	1	"2,11,155,5"
16	13	1	1	"2,11,195,5"
16	13	2	1	"2,11,195,5"
17	1	1	0	"2,4,55,5"
17	1	2	0	"2,4,55,5"
17	2	1	0	"2,4,55,5"
17	2	2	0	"2,4,55,5"
17	3	1	0	"2,4,65,5"
17	3	2	0	"2,4,65,5"
17	4	1	0	"2,4,65,5"
17	4	2	0	"2,4,65,5"
17	5	1	0	"2,4,75,5"
17	5	2	0	"2,4,75,5"
17	6	1	0	"2,4,75,5"
17	6	2	0	"2,4,75,5"
17	7	1	0	"2,4,85,5"
17	7	2	0	"2,4,85,5"
17	8	1	0	"2,4,85,5"
17	8	2	0	"2,4,85,5"
17	9	1	0	"2,4,95,5"
17	9	2	0	"2,4,95,5"
17	10	1	0	"2,4,95,5"
17	10	2	0	"2,4,95,5"
17	11	1	0	"2,4,65,5"
17	11	2	0	"2,4,65,5"
17	12	1	0	"2,4,75,5"
17	12	2	0	"2,4,75,5"
17	13	1	0	"2,4,95,5"
17	13	2	0	"2,4,95,5"
17	1	1	1	"2,4,55,5"
17	1	2	1	"2,4,55,5"
17	2	1	1	"2,4,55,5"
17	2	2	1	"2,4,55,5"
17	3	1	1	"2,4,65,5"
17	3	2	1	"2,4,65,5"
17	4	1	1	"2,4,65,5"
17	4	2	1	"2,4,65,5"
17	5	1	1	"2,4,75,5"
17	5	2	1	"2,4,75,5"
17	6	1	1	"2,4,75,5"
17	6	2	1	"2,4,75,5"
17	7	1	1	"2,4,85,5"
17	7	2	1	"2,4,85,5"
17	8	1	1	"2,4,85,5"
17	8	2	1	"2,4,85,5"
17	9	1	1	"2,4,95,5"
17	9	2	1	"2,4,95,5"
17	10	1	1	"2,4,95,5"
17	10	2	1	"2,4,95,5"
17	11	1	1	"2,4,65,5"
17	11	2	1	"2,4,65,5"
17	12	1	1	"2,4,75,5"
17	12	2	1	"2,4,75,5"
17	13	1	1	"2,4,95,5"
17	13	2	1	"2,4,95,5"
18	1	1	0	"2,5,55,5"
18	1	2	0	"2,5,55,5"
18	2	1	0	"2,5,55,5"
18	2	2	0	"2,5,55,5"
18	3	1	0	"2,5,65,5"
18	3	2	0	"2,5,65,5"
18	4	1	0	"2,5,65,5"
18	4	2	0	"2,5,65,5"
18	5	1	0	"2,5,75,5"
18	5	2	0	"2,5,75,5"
18	6	1	0	"2,5,75,5"
18	6	2	0	"2,5,75,5"
18	7	1	0	"2,5,85,5"
18	7	2	0	"2,5,85,5"
18	8	1	0	"2,5,85,5"
18	8	2	0	"2,5,85,5"
18	9	1	0	"2,5,95,5"
18	9	2	0	"2,5,95,5"
18	10	1	0	"2,5,95,5"
18	10	2	0	"2,5,95,5"
18	11	1	0	"2,5,65,5"
18	11	2	0	"2,5,65,5"
18	12	1	0	"2,5,75,5"
18	12	2	0	"2,5,75,5"
18	13	1	0	"2,5,95,5"
18	13	2	0	"2,5,95,5"
18	1	1	1	"2,5,55,5"
18	1	2	1	"2,5,55,5"
18	2	1	1	"2,5,55,5"
18	2	2	1	"2,5,55,5"
18	3	1	1	"2,5,65,5"
18	3	2	1	"2,5,65,5"
18	4	1	1	"2,5,65,5"
18	4	2	1	"2,5,65,5"
18	5	1	1	"2,5,75,5"
18	5	2	1	"2,5,75,5"
18	6	1	1	"2,5,75,5"
18	6	2	1	"2,5,75,5"
18	7	1	1	"2,5,85,5"
18	7	2	1	"2,5,85,5"
18	8	1	1	"2,5,85,5"
18	8	2	1	"2,5,85,5"
18	9	1	1	"2,5,95,5"
18	9	2	1	"2,5,95,5"
18	10	1	1	"2,5,95,5"
18	10	2	1	"2,5,95,5"
18	11	1	1	"2,5,65,5"
18	11	2	1	"2,5,65,5"
18	12	1	1	"2,5,75,5"
18	12	2	1	"2,5,75,5"
18	13	1	1	"2,5,95,5"
18	13	2	1	"2,5,95,5"
19	1	1	0	"2,9,225,5"
19	1	2	0	"2,9,205,5"
19	2	1	0	"2,9,205,5"
19	2	2	0	"2,9,205,5"
19	3	1	0	"2,9,245,5"
19	3	2	0	"2,9,245,5"
19	4	1	0	"2,9,245,5"
19	4	2	0	"2,9,265,5"
19	5	1	0	"2,9,305,5"
19	5	2	0	"2,9,305,5"
19	6	1	0	"2,9,305,5"
19	6	2	0	"2,9,305,5"
19	7	1	0	"2,9,345,5"
19	7	2	0	"2,9,345,5"
19	8	1	0	"2,9,325,5"
19	8	2	0	"2,9,345,5"
19	9	1	0	"2,9,385,5"
19	9	2	0	"2,9,365,5"
19	10	1	0	"2,9,385,5"
19	10	2	0	"2,9,385,5"
19	11	1	0	"2,9,245,5"
19	11	2	0	"2,9,245,5"
19	12	1	0	"2,9,285,5"
19	12	2	0	"2,9,305,5"
19	13	1	0	"2,9,1025,5"
19	13	2	0	"2,9,1025,5"
19	1	1	1	"2,9,295,5"
19	1	2	1	"2,9,215,5"
19	2	1	1	"2,9,215,5"
19	2	2	1	"2,9,215,5"
19	3	1	1	"2,9,295,5"
19	3	2	1	"2,9,255,5"
19	4	1	1	"2,9,255,5"
19	4	2	1	"2,9,275,5"
19	5	1	1	"2,9,315,5"
19	5	2	1	"2,9,315,5"
19	6	1	1	"2,9,315,5"
19	6	2	1	"2,9,315,5"
19	7	1	1	"2,9,355,5"
19	7	2	1	"2,9,355,5"
19	8	1	1	"2,9,395,5"
19	8	2	1	"2,9,355,5"
19	9	1	1	"2,9,395,5"
19	9	2	1	"2,9,375,5"
19	10	1	1	"2,9,395,5"
19	10	2	1	"2,9,395,5"
19	11	1	1	"2,9,255,5"
19	11	2	1	"2,9,255,5"
19	12	1	1	"2,9,295,5"
19	12	2	1	"2,9,315,5"
19	13	1	1	"2,9,1035,5"
19	13	2	1	"2,9,1035,5"
20	1	1	0	"2,10,4,2"
20	1	2	0	"2,10,4,2"
20	2	1	0	"2,10,4,2"
20	2	2	0	"2,10,4,2"
20	3	1	0	"2,10,24,2"
20	3	2	0	"2,10,24,2"
20	4	1	0	"2,10,24,2"
20	4	2	0	"2,10,24,2"
20	5	1	0	"2,10,44,2"
20	5	2	0	"2,10,44,2"
20	6	1	0	"2,10,44,2"
20	6	2	0	"2,10,44,2"
20	7	1	0	"2,10,64,2"
20	7	2	0	"2,10,64,2"
20	8	1	0	"2,10,64,2"
20	8	2	0	"2,10,64,2"
20	9	1	0	"2,10,84,2"
20	9	2	0	"2,10,84,2"
20	10	1	0	"2,10,84,2"
20	10	2	0	"2,10,84,2"
20	11	1	0	"2,10,24,2"
20	11	2	0	"2,10,24,2"
20	12	1	0	"2,10,44,2"
20	12	2	0	"2,10,44,2"
20	13	1	0	"2,10,84,2"
20	13	2	0	"2,10,84,2"
20	1	1	1	"2,10,14,2"
20	1	2	1	"2,10,14,2"
20	2	1	1	"2,10,14,2"
20	2	2	1	"2,10,14,2"
20	3	1	1	"2,10,34,2"
20	3	2	1	"2,10,34,2"
20	4	1	1	"2,10,34,2"
20	4	2	1	"2,10,34,2"
20	5	1	1	"2,10,54,2"
20	5	2	1	"2,10,54,2"
20	6	1	1	"2,10,54,2"
20	6	2	1	"2,10,54,2"
20	7	1	1	"2,10,74,2"
20	7	2	1	"2,10,74,2"
20	8	1	1	"2,10,74,2"
20	8	2	1	"2,10,74,2"
20	9	1	1	"2,10,94,2"
20	9	2	1	"2,10,94,2"
20	10	1	1	"2,10,94,2"
20	10	2	1	"2,10,94,2"
20	11	1	1	"2,10,34,2"
20	11	2	1	"2,10,34,2"
20	12	1	1	"2,10,54,2"
20	12	2	1	"2,10,54,2"
20	13	1	1	"2,10,94,2"
20	13	2	1	"2,10,94,2"
21	1	1	0	"2,5,2,2"
21	1	2	0	"2,5,2,2"
21	2	1	0	"2,5,2,2"
21	2	2	0	"2,5,2,2"
21	3	1	0	"2,5,12,2"
21	3	2	0	"2,5,12,2"
21	4	1	0	"2,5,12,2"
21	4	2	0	"2,5,12,2"
21	5	1	0	"2,5,22,2"
21	5	2	0	"2,5,22,2"
21	6	1	0	"2,5,22,2"
21	6	2	0	"2,5,22,2"
21	7	1	0	"2,5,32,2"
21	7	2	0	"2,5,32,2"
21	8	1	0	"2,5,32,2"
21	8	2	0	"2,5,32,2"
21	9	1	0	"2,5,42,2"
21	9	2	0	"2,5,42,2"
21	10	1	0	"2,5,42,2"
21	10	2	0	"2,5,42,2"
21	11	1	0	"2,5,12,2"
21	11	2	0	"2,5,12,2"
21	12	1	0	"2,5,22,2"
21	12	2	0	"2,5,22,2"
21	13	1	0	"2,5,42,2"
21	13	2	0	"2,5,42,2"
21	1	1	1	"2,5,2,2"
21	1	2	1	"2,5,2,2"
21	2	1	1	"2,5,2,2"
21	2	2	1	"2,5,2,2"
21	3	1	1	"2,5,12,2"
21	3	2	1	"2,5,12,2"
21	4	1	1	"2,5,12,2"
21	4	2	1	"2,5,12,2"
21	5	1	1	"2,5,22,2"
21	5	2	1	"2,5,22,2"
21	6	1	1	"2,5,22,2"
21	6	2	1	"2,5,22,2"
21	7	1	1	"2,5,32,2"
21	7	2	1	"2,5,32,2"
21	8	1	1	"2,5,32,2"
21	8	2	1	"2,5,32,2"
21	9	1	1	"2,5,42,2"
21	9	2	1	"2,5,42,2"
21	10	1	1	"2,5,42,2"
21	10	2	1	"2,5,42,2"
21	11	1	1	"2,5,12,2"
21	11	2	1	"2,5,12,2"
21	12	1	1	"2,5,22,2"
21	12	2	1	"2,5,22,2"
21	13	1	1	"2,5,42,2"
21	13	2	1	"2,5,42,2"
22	1	1	0	"2,1,3,2"
22	1	2	0	"2,1,13,2"
22	2	1	0	"2,1,23,2"
22	2	2	0	"2,1,33,2"
22	3	1	0	"2,2,2,2"
22	3	2	0	"2,2,12,2"
22	4	1	0	"2,1,43,2"
22	4	2	0	"2,1,53,2"
22	5	1	0	"2,1,83,2"
22	5	2	0	"2,1,93,2"
22	6	1	0	"2,1,93,2"
22	6	2	0	"2,1,63,2"
22	7	1	0	"2,1,123,2"
22	7	2	0	"2,1,103,2"
22	8	1	0	"2,1,113,2"
22	8	2	0	"2,1,133,2"
22	9	1	0	"2,1,163,2"
22	9	2	0	"2,1,153,2"
22	10	1	0	"2,1,143,2"
22	10	2	0	"2,1,173,2"
22	11	1	0	"2,1,903,2"
22	11	2	0	"2,1,913,2"
22	12	1	0	"2,1,73,2"
22	12	2	0	"2,1,93,2"
22	13	1	0	"2,1,1468,2"
22	13	2	0	"2,2,166,2"
22	1	1	1	"2,1,3,2"
22	1	2	1	"2,1,13,2"
22	2	1	1	"2,1,23,2"
22	2	2	1	"2,1,33,2"
22	3	1	1	"2,2,2,2"
22	3	2	1	"2,2,12,2"
22	4	1	1	"2,1,43,2"
22	4	2	1	"2,1,53,2"
22	5	1	1	"2,1,83,2"
22	5	2	1	"2,1,93,2"
22	6	1	1	"2,1,93,2"
22	6	2	1	"2,1,63,2"
22	7	1	1	"2,1,123,2"
22	7	2	1	"2,1,103,2"
22	8	1	1	"2,1,113,2"
22	8	2	1	"2,1,133,2"
22	9	1	1	"2,1,163,2"
22	9	2	1	"2,1,153,2"
22	10	1	1	"2,1,143,2"
22	10	2	1	"2,1,173,2"
22	11	1	1	"2,1,903,2"
22	11	2	1	"2,1,913,2"
22	12	1	1	"2,1,73,2"
22	12	2	1	"2,1,93,2"
22	13	1	1	"2,1,1468,2"
22	13	2	1	"2,2,166,2"
23	1	1	0	"2,3,24,2"
23	1	2	0	"2,3,4,2"
23	2	1	0	"2,3,4,2"
23	2	2	0	"2,3,4,2"
23	3	1	0	"2,3,44,2"
23	3	2	0	"2,3,44,2"
23	4	1	0	"2,3,44,2"
23	4	2	0	"2,3,64,2"
23	5	1	0	"2,3,104,2"
23	5	2	0	"2,3,104,2"
23	6	1	0	"2,3,104,2"
23	6	2	0	"2,3,104,2"
23	7	1	0	"2,3,144,2"
23	7	2	0	"2,3,144,2"
23	8	1	0	"2,3,124,2"
23	8	2	0	"2,3,144,2"
23	9	1	0	"2,3,184,2"
23	9	2	0	"2,3,164,2"
23	10	1	0	"2,3,184,2"
23	10	2	0	"2,3,184,2"
23	11	1	0	"2,3,44,2"
23	11	2	0	"2,3,44,2"
23	12	1	0	"2,3,84,2"
23	12	2	0	"2,3,104,2"
23	13	1	0	"2,3,1364,2"
23	13	2	0	"2,3,1364,2"
23	1	1	1	"2,3,34,2"
23	1	2	1	"2,3,14,2"
23	2	1	1	"2,3,14,2"
23	2	2	1	"2,3,14,2"
23	3	1	1	"2,3,54,2"
23	3	2	1	"2,3,54,2"
23	4	1	1	"2,3,54,2"
23	4	2	1	"2,3,74,2"
23	5	1	1	"2,3,114,2"
23	5	2	1	"2,3,114,2"
23	6	1	1	"2,3,114,2"
23	6	2	1	"2,3,114,2"
23	7	1	1	"2,3,154,2"
23	7	2	1	"2,3,154,2"
23	8	1	1	"2,3,134,2"
23	8	2	1	"2,3,154,2"
23	9	1	1	"2,3,194,2"
23	9	2	1	"2,3,174,2"
23	10	1	1	"2,3,194,2"
23	10	2	1	"2,3,194,2"
23	11	1	1	"2,3,54,2"
23	11	2	1	"2,3,54,2"
23	12	1	1	"2,3,94,2"
23	12	2	1	"2,3,114,2"
23	13	1	1	"2,3,1374,2"
23	13	2	1	"2,3,1374,2"
24	1	1	0	"2,1,2,1"
24	1	2	0	"2,1,12,1"
24	2	1	0	"2,1,22,1"
24	2	2	0	"2,1,32,1"
24	3	1	0	"2,2,1,1"
24	3	2	0	"2,2,11,1"
24	4	1	0	"2,1,42,1"
24	4	2	0	"2,1,52,1"
24	5	1	0	"2,1,82,1"
24	5	2	0	"2,1,92,1"
24	6	1	0	"2,1,92,1"
24	6	2	0	"2,1,62,1"
24	7	1	0	"2,1,122,1"
24	7	2	0	"2,1,102,1"
24	8	1	0	"2,1,112,1"
24	8	2	0	"2,1,132,1"
24	9	1	0	"2,1,162,1"
24	9	2	0	"2,1,152,1"
24	10	1	0	"2,1,142,1"
24	10	2	0	"2,1,172,1"
24	11	1	0	"2,1,902,1"
24	11	2	0	"2,1,912,1"
24	12	1	0	"2,1,72,1"
24	12	2	0	"2,1,92,1"
24	13	1	0	"2,1,1467,1"
24	13	2	0	"2,2,165,1"
24	1	1	1	"2,1,2,1"
24	1	2	1	"2,1,12,1"
24	2	1	1	"2,1,22,1"
24	2	2	1	"2,1,32,1"
24	3	1	1	"2,2,1,1"
24	3	2	1	"2,2,11,1"
24	4	1	1	"2,1,42,1"
24	4	2	1	"2,1,52,1"
24	5	1	1	"2,1,82,1"
24	5	2	1	"2,1,92,1"
24	6	1	1	"2,1,92,1"
24	6	2	1	"2,1,62,1"
24	7	1	1	"2,1,122,1"
24	7	2	1	"2,1,102,1"
24	8	1	1	"2,1,112,1"
24	8	2	1	"2,1,132,1"
24	9	1	1	"2,1,162,1"
24	9	2	1	"2,1,152,1"
24	10	1	1	"2,1,142,1"
24	10	2	1	"2,1,172,1"
24	11	1	1	"2,1,902,1"
24	11	2	1	"2,1,912,1"
24	12	1	1	"2,1,72,1"
24	12	2	1	"2,1,92,1"
24	13	1	1	"2,1,1467,1"
24	13	2	1	"2,2,165,1"
25	1	1	0	"2,7,4,2"
25	1	2	0	"2,7,4,2"
25	2	1	0	"2,7,4,2"
25	2	2	0	"2,7,4,2"
25	3	1	0	"2,7,24,2"
25	3	2	0	"2,7,24,2"
25	4	1	0	"2,7,24,2"
25	4	2	0	"2,7,24,2"
25	5	1	0	"2,7,44,2"
25	5	2	0	"2,7,44,2"
25	6	1	0	"2,7,44,2"
25	6	2	0	"2,7,44,2"
25	7	1	0	"2,7,64,2"
25	7	2	0	"2,7,64,2"
25	8	1	0	"2,7,64,2"
25	8	2	0	"2,7,64,2"
25	9	1	0	"2,7,84,2"
25	9	2	0	"2,7,84,2"
25	10	1	0	"2,7,84,2"
25	10	2	0	"2,7,84,2"
25	11	1	0	"2,7,24,2"
25	11	2	0	"2,7,24,2"
25	12	1	0	"2,7,44,2"
25	12	2	0	"2,7,44,2"
25	13	1	0	"2,7,84,2"
25	13	2	0	"2,7,84,2"
25	1	1	1	"2,7,14,2"
25	1	2	1	"2,7,14,2"
25	2	1	1	"2,7,14,2"
25	2	2	1	"2,7,14,2"
25	3	1	1	"2,7,34,2"
25	3	2	1	"2,7,34,2"
25	4	1	1	"2,7,34,2"
25	4	2	1	"2,7,34,2"
25	5	1	1	"2,7,54,2"
25	5	2	1	"2,7,54,2"
25	6	1	1	"2,7,54,2"
25	6	2	1	"2,7,54,2"
25	7	1	1	"2,7,74,2"
25	7	2	1	"2,7,74,2"
25	8	1	1	"2,7,74,2"
25	8	2	1	"2,7,74,2"
25	9	1	1	"2,7,94,2"
25	9	2	1	"2,7,94,2"
25	10	1	1	"2,7,94,2"
25	10	2	1	"2,7,94,2"
25	11	1	1	"2,7,34,2"
25	11	2	1	"2,7,34,2"
25	12	1	1	"2,7,54,2"
25	12	2	1	"2,7,54,2"
25	13	1	1	"2,7,94,2"
25	13	2	1	"2,7,94,2"
26	1	1	0	"2,6,3,2"
26	1	2	0	"2,6,3,2"
26	2	1	0	"2,6,3,2"
26	2	2	0	"2,6,3,2"
26	3	1	0	"2,6,13,2"
26	3	2	0	"2,6,13,2"
26	4	1	0	"2,6,13,2"
26	4	2	0	"2,6,13,2"
26	5	1	0	"2,6,23,2"
26	5	2	0	"2,6,23,2"
26	6	1	0	"2,6,23,2"
26	6	2	0	"2,6,23,2"
26	7	1	0	"2,6,33,2"
26	7	2	0	"2,6,33,2"
26	8	1	0	"2,6,33,2"
26	8	2	0	"2,6,33,2"
26	9	1	0	"2,6,43,2"
26	9	2	0	"2,6,43,2"
26	10	1	0	"2,6,43,2"
26	10	2	0	"2,6,43,2"
26	11	1	0	"2,6,13,2"
26	11	2	0	"2,6,13,2"
26	12	1	0	"2,6,23,2"
26	12	2	0	"2,6,23,2"
26	13	1	0	"2,6,43,2"
26	13	2	0	"2,6,43,2"
26	1	1	1	"2,6,3,2"
26	1	2	1	"2,6,3,2"
26	2	1	1	"2,6,3,2"
26	2	2	1	"2,6,3,2"
26	3	1	1	"2,6,13,2"
26	3	2	1	"2,6,13,2"
26	4	1	1	"2,6,13,2"
26	4	2	1	"2,6,13,2"
26	5	1	1	"2,6,23,2"
26	5	2	1	"2,6,23,2"
26	6	1	1	"2,6,23,2"
26	6	2	1	"2,6,23,2"
26	7	1	1	"2,6,33,2"
26	7	2	1	"2,6,33,2"
26	8	1	1	"2,6,33,2"
26	8	2	1	"2,6,33,2"
26	9	1	1	"2,6,43,2"
26	9	2	1	"2,6,43,2"
26	10	1	1	"2,6,43,2"
26	10	2	1	"2,6,43,2"
26	11	1	1	"2,6,13,2"
26	11	2	1	"2,6,13,2"
26	12	1	1	"2,6,23,2"
26	12	2	1	"2,6,23,2"
26	13	1	1	"2,6,43,2"
26	13	2	1	"2,6,43,2"
27	1	1	0	"2,11,2,2"
27	1	2	0	"2,11,2,2"
27	2	1	0	"2,11,2,2"
27	2	2	0	"2,11,2,2"
27	3	1	0	"2,11,22,2"
27	3	2	0	"2,11,22,2"
27	4	1	0	"2,11,22,2"
27	4	2	0	"2,11,22,2"
27	5	1	0	"2,11,42,2"
27	5	2	0	"2,11,42,2"
27	6	1	0	"2,11,42,2"
27	6	2	0	"2,11,42,2"
27	7	1	0	"2,11,62,2"
27	7	2	0	"2,11,62,2"
27	8	1	0	"2,11,62,2"
27	8	2	0	"2,11,62,2"
27	9	1	0	"2,11,82,2"
27	9	2	0	"2,11,82,2"
27	10	1	0	"2,11,82,2"
27	10	2	0	"2,11,82,2"
27	11	1	0	"2,11,22,2"
27	11	2	0	"2,11,22,2"
27	12	1	0	"2,11,42,2"
27	12	2	0	"2,11,42,2"
27	13	1	0	"2,11,82,2"
27	13	2	0	"2,11,82,2"
27	1	1	1	"2,11,12,2"
27	1	2	1	"2,11,12,2"
27	2	1	1	"2,11,12,2"
27	2	2	1	"2,11,12,2"
27	3	1	1	"2,11,32,2"
27	3	2	1	"2,11,32,2"
27	4	1	1	"2,11,32,2"
27	4	2	1	"2,11,32,2"
27	5	1	1	"2,11,52,2"
27	5	2	1	"2,11,52,2"
27	6	1	1	"2,11,52,2"
27	6	2	1	"2,11,52,2"
27	7	1	1	"2,11,72,2"
27	7	2	1	"2,11,72,2"
27	8	1	1	"2,11,72,2"
27	8	2	1	"2,11,72,2"
27	9	1	1	"2,11,92,2"
27	9	2	1	"2,11,92,2"
27	10	1	1	"2,11,92,2"
27	10	2	1	"2,11,92,2"
27	11	1	1	"2,11,32,2"
27	11	2	1	"2,11,32,2"
27	12	1	1	"2,11,52,2"
27	12	2	1	"2,11,52,2"
27	13	1	1	"2,11,92,2"
27	13	2	1	"2,11,92,2"
28	1	1	0	"2,8,2,2"
28	1	2	0	"2,8,2,2"
28	2	1	0	"2,8,2,2"
28	2	2	0	"2,8,2,2"
28	3	1	0	"2,8,22,2"
28	3	2	0	"2,8,22,2"
28	4	1	0	"2,8,22,2"
28	4	2	0	"2,8,22,2"
28	5	1	0	"2,8,42,2"
28	5	2	0	"2,8,42,2"
28	6	1	0	"2,8,42,2"
28	6	2	0	"2,8,42,2"
28	7	1	0	"2,8,62,2"
28	7	2	0	"2,8,62,2"
28	8	1	0	"2,8,62,2"
28	8	2	0	"2,8,62,2"
28	9	1	0	"2,8,82,2"
28	9	2	0	"2,8,82,2"
28	10	1	0	"2,8,82,2"
28	10	2	0	"2,8,82,2"
28	11	1	0	"2,8,22,2"
28	11	2	0	"2,8,22,2"
28	12	1	0	"2,8,42,2"
28	12	2	0	"2,8,42,2"
28	13	1	0	"2,8,82,2"
28	13	2	0	"2,8,82,2"
28	1	1	1	"2,8,12,2"
28	1	2	1	"2,8,12,2"
28	2	1	1	"2,8,12,2"
28	2	2	1	"2,8,12,2"
28	3	1	1	"2,8,32,2"
28	3	2	1	"2,8,32,2"
28	4	1	1	"2,8,32,2"
28	4	2	1	"2,8,32,2"
28	5	1	1	"2,8,52,2"
28	5	2	1	"2,8,52,2"
28	6	1	1	"2,8,52,2"
28	6	2	1	"2,8,52,2"
28	7	1	1	"2,8,72,2"
28	7	2	1	"2,8,72,2"
28	8	1	1	"2,8,72,2"
28	8	2	1	"2,8,72,2"
28	9	1	1	"2,8,92,2"
28	9	2	1	"2,8,92,2"
28	10	1	1	"2,8,92,2"
28	10	2	1	"2,8,92,2"
28	11	1	1	"2,8,32,2"
28	11	2	1	"2,8,32,2"
28	12	1	1	"2,8,52,2"
28	12	2	1	"2,8,52,2"
28	13	1	1	"2,8,92,2"
28	13	2	1	"2,8,92,2"
29	1	1	0	"2,4,2,2"
29	1	2	0	"2,4,2,2"
29	2	1	0	"2,4,2,2"
29	2	2	0	"2,4,2,2"
29	3	1	0	"2,4,12,2"
29	3	2	0	"2,4,12,2"
29	4	1	0	"2,4,12,2"
29	4	2	0	"2,4,12,2"
29	5	1	0	"2,4,22,2"
29	5	2	0	"2,4,22,2"
29	6	1	0	"2,4,22,2"
29	6	2	0	"2,4,22,2"
29	7	1	0	"2,4,32,2"
29	7	2	0	"2,4,32,2"
29	8	1	0	"2,4,32,2"
29	8	2	0	"2,4,32,2"
29	9	1	0	"2,4,42,2"
29	9	2	0	"2,4,42,2"
29	10	1	0	"2,4,42,2"
29	10	2	0	"2,4,42,2"
29	11	1	0	"2,4,12,2"
29	11	2	0	"2,4,12,2"
29	12	1	0	"2,4,22,2"
29	12	2	0	"2,4,22,2"
29	13	1	0	"2,4,42,2"
29	13	2	0	"2,4,42,2"
29	1	1	1	"2,4,2,2"
29	1	2	1	"2,4,2,2"
29	2	1	1	"2,4,2,2"
29	2	2	1	"2,4,2,2"
29	3	1	1	"2,4,12,2"
29	3	2	1	"2,4,12,2"
29	4	1	1	"2,4,12,2"
29	4	2	1	"2,4,12,2"
29	5	1	1	"2,4,22,2"
29	5	2	1	"2,4,22,2"
29	6	1	1	"2,4,22,2"
29	6	2	1	"2,4,22,2"
29	7	1	1	"2,4,32,2"
29	7	2	1	"2,4,32,2"
29	8	1	1	"2,4,32,2"
29	8	2	1	"2,4,32,2"
29	9	1	1	"2,4,42,2"
29	9	2	1	"2,4,42,2"
29	10	1	1	"2,4,42,2"
29	10	2	1	"2,4,42,2"
29	11	1	1	"2,4,12,2"
29	11	2	1	"2,4,12,2"
29	12	1	1	"2,4,22,2"
29	12	2	1	"2,4,22,2"
29	13	1	1	"2,4,42,2"
29	13	2	1	"2,4,42,2"
30	1	1	0	"2,9,22,2"
30	1	2	0	"2,9,2,2"
30	2	1	0	"2,9,2,2"
30	2	2	0	"2,9,2,2"
30	3	1	0	"2,9,42,2"
30	3	2	0	"2,9,42,2"
30	4	1	0	"2,9,42,2"
30	4	2	0	"2,9,62,2"
30	5	1	0	"2,9,102,2"
30	5	2	0	"2,9,102,2"
30	6	1	0	"2,9,102,2"
30	6	2	0	"2,9,102,2"
30	7	1	0	"2,9,142,2"
30	7	2	0	"2,9,142,2"
30	8	1	0	"2,9,122,2"
30	8	2	0	"2,9,142,2"
30	9	1	0	"2,9,182,2"
30	9	2	0	"2,9,162,2"
30	10	1	0	"2,9,182,2"
30	10	2	0	"2,9,182,2"
30	11	1	0	"2,9,42,2"
30	11	2	0	"2,9,42,2"
30	12	1	0	"2,9,82,2"
30	12	2	0	"2,9,102,2"
30	13	1	0	"2,9,1002,2"
30	13	2	0	"2,9,1002,2"
30	1	1	1	"2,9,32,2"
30	1	2	1	"2,9,12,2"
30	2	1	1	"2,9,12,2"
30	2	2	1	"2,9,12,2"
30	3	1	1	"2,9,52,2"
30	3	2	1	"2,9,52,2"
30	4	1	1	"2,9,52,2"
30	4	2	1	"2,9,72,2"
30	5	1	1	"2,9,112,2"
30	5	2	1	"2,9,112,2"
30	6	1	1	"2,9,112,2"
30	6	2	1	"2,9,112,2"
30	7	1	1	"2,9,152,2"
30	7	2	1	"2,9,152,2"
30	8	1	1	"2,9,132,2"
30	8	2	1	"2,9,152,2"
30	9	1	1	"2,9,192,2"
30	9	2	1	"2,9,172,2"
30	10	1	1	"2,9,192,2"
30	10	2	1	"2,9,192,2"
30	11	1	1	"2,9,52,2"
30	11	2	1	"2,9,52,2"
30	12	1	1	"2,9,92,2"
30	12	2	1	"2,9,112,2"
30	13	1	1	"2,9,1012,2"
30	13	2	1	"2,9,1012,2"
31	1	1	0	"2,7,108,6"
31	1	2	0	"2,7,108,6"
31	2	1	0	"2,7,108,6"
31	2	2	0	"2,7,108,6"
31	3	1	0	"2,7,128,6"
31	3	2	0	"2,7,128,6"
31	4	1	0	"2,7,128,6"
31	4	2	0	"2,7,128,6"
31	5	1	0	"2,7,148,6"
31	5	2	0	"2,7,148,6"
31	6	1	0	"2,7,148,6"
31	6	2	0	"2,7,148,6"
31	7	1	0	"2,7,168,6"
31	7	2	0	"2,7,168,6"
31	8	1	0	"2,7,168,6"
31	8	2	0	"2,7,168,6"
31	9	1	0	"2,7,188,6"
31	9	2	0	"2,7,188,6"
31	10	1	0	"2,7,188,6"
31	10	2	0	"2,7,188,6"
31	11	1	0	"2,7,128,6"
31	11	2	0	"2,7,128,6"
31	12	1	0	"2,7,148,6"
31	12	2	0	"2,7,148,6"
31	13	1	0	"2,7,188,6"
31	13	2	0	"2,7,188,6"
31	1	1	1	"2,7,118,6"
31	1	2	1	"2,7,118,6"
31	2	1	1	"2,7,118,6"
31	2	2	1	"2,7,118,6"
31	3	1	1	"2,7,138,6"
31	3	2	1	"2,7,138,6"
31	4	1	1	"2,7,138,6"
31	4	2	1	"2,7,138,6"
31	5	1	1	"2,7,158,6"
31	5	2	1	"2,7,158,6"
31	6	1	1	"2,7,158,6"
31	6	2	1	"2,7,158,6"
31	7	1	1	"2,7,178,6"
31	7	2	1	"2,7,178,6"
31	8	1	1	"2,7,178,6"
31	8	2	1	"2,7,178,6"
31	9	1	1	"2,7,198,6"
31	9	2	1	"2,7,198,6"
31	10	1	1	"2,7,198,6"
31	10	2	1	"2,7,198,6"
31	11	1	1	"2,7,138,6"
31	11	2	1	"2,7,138,6"
31	12	1	1	"2,7,158,6"
31	12	2	1	"2,7,158,6"
31	13	1	1	"2,7,198,6"
31	13	2	1	"2,7,198,6"
32	1	1	0	"2,6,57,6"
32	1	2	0	"2,6,57,6"
32	2	1	0	"2,6,57,6"
32	2	2	0	"2,6,57,6"
32	3	1	0	"2,6,67,6"
32	3	2	0	"2,6,67,6"
32	4	1	0	"2,6,67,6"
32	4	2	0	"2,6,67,6"
32	5	1	0	"2,6,77,6"
32	5	2	0	"2,6,77,6"
32	6	1	0	"2,6,77,6"
32	6	2	0	"2,6,77,6"
32	7	1	0	"2,6,87,6"
32	7	2	0	"2,6,87,6"
32	8	1	0	"2,6,87,6"
32	8	2	0	"2,6,87,6"
32	9	1	0	"2,6,97,6"
32	9	2	0	"2,6,97,6"
32	10	1	0	"2,6,97,6"
32	10	2	0	"2,6,97,6"
32	11	1	0	"2,6,67,6"
32	11	2	0	"2,6,67,6"
32	12	1	0	"2,6,77,6"
32	12	2	0	"2,6,77,6"
32	13	1	0	"2,6,97,6"
32	13	2	0	"2,6,97,6"
32	1	1	1	"2,6,57,6"
32	1	2	1	"2,6,57,6"
32	2	1	1	"2,6,57,6"
32	2	2	1	"2,6,57,6"
32	3	1	1	"2,6,67,6"
32	3	2	1	"2,6,67,6"
32	4	1	1	"2,6,67,6"
32	4	2	1	"2,6,67,6"
32	5	1	1	"2,6,77,6"
32	5	2	1	"2,6,77,6"
32	6	1	1	"2,6,77,6"
32	6	2	1	"2,6,77,6"
32	7	1	1	"2,6,87,6"
32	7	2	1	"2,6,87,6"
32	8	1	1	"2,6,87,6"
32	8	2	1	"2,6,87,6"
32	9	1	1	"2,6,97,6"
32	9	2	1	"2,6,97,6"
32	10	1	1	"2,6,97,6"
32	10	2	1	"2,6,97,6"
32	11	1	1	"2,6,67,6"
32	11	2	1	"2,6,67,6"
32	12	1	1	"2,6,77,6"
32	12	2	1	"2,6,77,6"
32	13	1	1	"2,6,97,6"
32	13	2	1	"2,6,97,6"
33	1	1	0	"2,10,108,6"
33	1	2	0	"2,10,108,6"
33	2	1	0	"2,10,108,6"
33	2	2	0	"2,10,108,6"
33	3	1	0	"2,10,128,6"
33	3	2	0	"2,10,128,6"
33	4	1	0	"2,10,128,6"
33	4	2	0	"2,10,128,6"
33	5	1	0	"2,10,148,6"
33	5	2	0	"2,10,148,6"
33	6	1	0	"2,10,148,6"
33	6	2	0	"2,10,148,6"
33	7	1	0	"2,10,168,6"
33	7	2	0	"2,10,168,6"
33	8	1	0	"2,10,168,6"
33	8	2	0	"2,10,168,6"
33	9	1	0	"2,10,188,6"
33	9	2	0	"2,10,188,6"
33	10	1	0	"2,10,188,6"
33	10	2	0	"2,10,188,6"
33	11	1	0	"2,10,128,6"
33	11	2	0	"2,10,128,6"
33	12	1	0	"2,10,148,6"
33	12	2	0	"2,10,148,6"
33	13	1	0	"2,10,188,6"
33	13	2	0	"2,10,188,6"
33	1	1	1	"2,10,118,6"
33	1	2	1	"2,10,118,6"
33	2	1	1	"2,10,118,6"
33	2	2	1	"2,10,118,6"
33	3	1	1	"2,10,138,6"
33	3	2	1	"2,10,138,6"
33	4	1	1	"2,10,138,6"
33	4	2	1	"2,10,138,6"
33	5	1	1	"2,10,158,6"
33	5	2	1	"2,10,158,6"
33	6	1	1	"2,10,158,6"
33	6	2	1	"2,10,158,6"
33	7	1	1	"2,10,178,6"
33	7	2	1	"2,10,178,6"
33	8	1	1	"2,10,178,6"
33	8	2	1	"2,10,178,6"
33	9	1	1	"2,10,198,6"
33	9	2	1	"2,10,198,6"
33	10	1	1	"2,10,198,6"
33	10	2	1	"2,10,198,6"
33	11	1	1	"2,10,138,6"
33	11	2	1	"2,10,138,6"
33	12	1	1	"2,10,158,6"
33	12	2	1	"2,10,158,6"
33	13	1	1	"2,10,198,6"
33	13	2	1	"2,10,198,6"
34	1	1	0	"2,11,106,6"
34	1	2	0	"2,11,106,6"
34	2	1	0	"2,11,106,6"
34	2	2	0	"2,11,106,6"
34	3	1	0	"2,11,126,6"
34	3	2	0	"2,11,126,6"
34	4	1	0	"2,11,126,6"
34	4	2	0	"2,11,126,6"
34	5	1	0	"2,11,146,6"
34	5	2	0	"2,11,146,6"
34	6	1	0	"2,11,146,6"
34	6	2	0	"2,11,146,6"
34	7	1	0	"2,11,166,6"
34	7	2	0	"2,11,166,6"
34	8	1	0	"2,11,166,6"
34	8	2	0	"2,11,166,6"
34	9	1	0	"2,11,186,6"
34	9	2	0	"2,11,186,6"
34	10	1	0	"2,11,186,6"
34	10	2	0	"2,11,186,6"
34	11	1	0	"2,11,126,6"
34	11	2	0	"2,11,126,6"
34	12	1	0	"2,11,146,6"
34	12	2	0	"2,11,146,6"
34	13	1	0	"2,11,186,6"
34	13	2	0	"2,11,186,6"
34	1	1	1	"2,11,116,6"
34	1	2	1	"2,11,116,6"
34	2	1	1	"2,11,116,6"
34	2	2	1	"2,11,116,6"
34	3	1	1	"2,11,136,6"
34	3	2	1	"2,11,136,6"
34	4	1	1	"2,11,136,6"
34	4	2	1	"2,11,136,6"
34	5	1	1	"2,11,156,6"
34	5	2	1	"2,11,156,6"
34	6	1	1	"2,11,156,6"
34	6	2	1	"2,11,156,6"
34	7	1	1	"2,11,176,6"
34	7	2	1	"2,11,176,6"
34	8	1	1	"2,11,176,6"
34	8	2	1	"2,11,176,6"
34	9	1	1	"2,11,196,6"
34	9	2	1	"2,11,196,6"
34	10	1	1	"2,11,196,6"
34	10	2	1	"2,11,196,6"
34	11	1	1	"2,11,136,6"
34	11	2	1	"2,11,136,6"
34	12	1	1	"2,11,156,6"
34	12	2	1	"2,11,156,6"
34	13	1	1	"2,11,196,6"
34	13	2	1	"2,11,196,6"
35	1	1	0	"2,8,106,6"
35	1	2	0	"2,8,106,6"
35	2	1	0	"2,8,106,6"
35	2	2	0	"2,8,106,6"
35	3	1	0	"2,8,126,6"
35	3	2	0	"2,8,126,6"
35	4	1	0	"2,8,126,6"
35	4	2	0	"2,8,126,6"
35	5	1	0	"2,8,146,6"
35	5	2	0	"2,8,146,6"
35	6	1	0	"2,8,146,6"
35	6	2	0	"2,8,146,6"
35	7	1	0	"2,8,166,6"
35	7	2	0	"2,8,166,6"
35	8	1	0	"2,8,166,6"
35	8	2	0	"2,8,166,6"
35	9	1	0	"2,8,186,6"
35	9	2	0	"2,8,186,6"
35	10	1	0	"2,8,186,6"
35	10	2	0	"2,8,186,6"
35	11	1	0	"2,8,126,6"
35	11	2	0	"2,8,126,6"
35	12	1	0	"2,8,146,6"
35	12	2	0	"2,8,146,6"
35	13	1	0	"2,8,186,6"
35	13	2	0	"2,8,186,6"
35	1	1	1	"2,8,116,6"
35	1	2	1	"2,8,116,6"
35	2	1	1	"2,8,116,6"
35	2	2	1	"2,8,116,6"
35	3	1	1	"2,8,136,6"
35	3	2	1	"2,8,136,6"
35	4	1	1	"2,8,136,6"
35	4	2	1	"2,8,136,6"
35	5	1	1	"2,8,156,6"
35	5	2	1	"2,8,156,6"
35	6	1	1	"2,8,156,6"
35	6	2	1	"2,8,156,6"
35	7	1	1	"2,8,176,6"
35	7	2	1	"2,8,176,6"
35	8	1	1	"2,8,176,6"
35	8	2	1	"2,8,176,6"
35	9	1	1	"2,8,196,6"
35	9	2	1	"2,8,196,6"
35	10	1	1	"2,8,196,6"
35	10	2	1	"2,8,196,6"
35	11	1	1	"2,8,136,6"
35	11	2	1	"2,8,136,6"
35	12	1	1	"2,8,156,6"
35	12	2	1	"2,8,156,6"
35	13	1	1	"2,8,196,6"
35	13	2	1	"2,8,196,6"
36	1	1	0	"2,4,56,6"
36	1	2	0	"2,4,56,6"
36	2	1	0	"2,4,56,6"
36	2	2	0	"2,4,56,6"
36	3	1	0	"2,4,66,6"
36	3	2	0	"2,4,66,6"
36	4	1	0	"2,4,66,6"
36	4	2	0	"2,4,66,6"
36	5	1	0	"2,4,76,6"
36	5	2	0	"2,4,76,6"
36	6	1	0	"2,4,76,6"
36	6	2	0	"2,4,76,6"
36	7	1	0	"2,4,86,6"
36	7	2	0	"2,4,86,6"
36	8	1	0	"2,4,86,6"
36	8	2	0	"2,4,86,6"
36	9	1	0	"2,4,96,6"
36	9	2	0	"2,4,96,6"
36	10	1	0	"2,4,96,6"
36	10	2	0	"2,4,96,6"
36	11	1	0	"2,4,66,6"
36	11	2	0	"2,4,66,6"
36	12	1	0	"2,4,76,6"
36	12	2	0	"2,4,76,6"
36	13	1	0	"2,4,96,6"
36	13	2	0	"2,4,96,6"
36	1	1	1	"2,4,56,6"
36	1	2	1	"2,4,56,6"
36	2	1	1	"2,4,56,6"
36	2	2	1	"2,4,56,6"
36	3	1	1	"2,4,66,6"
36	3	2	1	"2,4,66,6"
36	4	1	1	"2,4,66,6"
36	4	2	1	"2,4,66,6"
36	5	1	1	"2,4,76,6"
36	5	2	1	"2,4,76,6"
36	6	1	1	"2,4,76,6"
36	6	2	1	"2,4,76,6"
36	7	1	1	"2,4,86,6"
36	7	2	1	"2,4,86,6"
36	8	1	1	"2,4,86,6"
36	8	2	1	"2,4,86,6"
36	9	1	1	"2,4,96,6"
36	9	2	1	"2,4,96,6"
36	10	1	1	"2,4,96,6"
36	10	2	1	"2,4,96,6"
36	11	1	1	"2,4,66,6"
36	11	2	1	"2,4,66,6"
36	12	1	1	"2,4,76,6"
36	12	2	1	"2,4,76,6"
36	13	1	1	"2,4,96,6"
36	13	2	1	"2,4,96,6"
37	1	1	0	"2,3,228,6"
37	1	2	0	"2,3,208,6"
37	2	1	0	"2,3,208,6"
37	2	2	0	"2,3,208,6"
37	3	1	0	"2,3,248,6"
37	3	2	0	"2,3,248,6"
37	4	1	0	"2,3,248,6"
37	4	2	0	"2,3,268,6"
37	5	1	0	"2,3,308,6"
37	5	2	0	"2,3,308,6"
37	6	1	0	"2,3,308,6"
37	6	2	0	"2,3,308,6"
37	7	1	0	"2,3,348,6"
37	7	2	0	"2,3,348,6"
37	8	1	0	"2,3,328,6"
37	8	2	0	"2,3,348,6"
37	9	1	0	"2,3,388,6"
37	9	2	0	"2,3,368,6"
37	10	1	0	"2,3,388,6"
37	10	2	0	"2,3,388,6"
37	11	1	0	"2,3,248,6"
37	11	2	0	"2,3,248,6"
37	12	1	0	"2,3,288,6"
37	12	2	0	"2,3,308,6"
37	13	1	0	"2,3,1400,6"
37	13	2	0	"2,3,1400,6"
37	1	1	1	"2,3,238,6"
37	1	2	1	"2,3,218,6"
37	2	1	1	"2,3,218,6"
37	2	2	1	"2,3,218,6"
37	3	1	1	"2,3,258,6"
37	3	2	1	"2,3,258,6"
37	4	1	1	"2,3,258,6"
37	4	2	1	"2,3,278,6"
37	5	1	1	"2,3,318,6"
37	5	2	1	"2,3,318,6"
37	6	1	1	"2,3,318,6"
37	6	2	1	"2,3,318,6"
37	7	1	1	"2,3,358,6"
37	7	2	1	"2,3,358,6"
37	8	1	1	"2,3,338,6"
37	8	2	1	"2,3,358,6"
37	9	1	1	"2,3,398,6"
37	9	2	1	"2,3,378,6"
37	10	1	1	"2,3,398,6"
37	10	2	1	"2,3,398,6"
37	11	1	1	"2,3,258,6"
37	11	2	1	"2,3,258,6"
37	12	1	1	"2,3,298,6"
37	12	2	1	"2,3,318,6"
37	13	1	1	"2,3,1410,6"
37	13	2	1	"2,3,1410,6"
38	1	1	0	"2,5,56,6"
38	1	2	0	"2,5,56,6"
38	2	1	0	"2,5,56,6"
38	2	2	0	"2,5,56,6"
38	3	1	0	"2,5,66,6"
38	3	2	0	"2,5,66,6"
38	4	1	0	"2,5,66,6"
38	4	2	0	"2,5,66,6"
38	5	1	0	"2,5,76,6"
38	5	2	0	"2,5,76,6"
38	6	1	0	"2,5,76,6"
38	6	2	0	"2,5,76,6"
38	7	1	0	"2,5,86,6"
38	7	2	0	"2,5,86,6"
38	8	1	0	"2,5,86,6"
38	8	2	0	"2,5,86,6"
38	9	1	0	"2,5,96,6"
38	9	2	0	"2,5,96,6"
38	10	1	0	"2,5,96,6"
38	10	2	0	"2,5,96,6"
38	11	1	0	"2,5,66,6"
38	11	2	0	"2,5,66,6"
38	12	1	0	"2,5,76,6"
38	12	2	0	"2,5,76,6"
38	13	1	0	"2,5,96,6"
38	13	2	0	"2,5,96,6"
38	1	1	1	"2,5,56,6"
38	1	2	1	"2,5,56,6"
38	2	1	1	"2,5,56,6"
38	2	2	1	"2,5,56,6"
38	3	1	1	"2,5,66,6"
38	3	2	1	"2,5,66,6"
38	4	1	1	"2,5,66,6"
38	4	2	1	"2,5,66,6"
38	5	1	1	"2,5,76,6"
38	5	2	1	"2,5,76,6"
38	6	1	1	"2,5,76,6"
38	6	2	1	"2,5,76,6"
38	7	1	1	"2,5,86,6"
38	7	2	1	"2,5,86,6"
38	8	1	1	"2,5,86,6"
38	8	2	1	"2,5,86,6"
38	9	1	1	"2,5,96,6"
38	9	2	1	"2,5,96,6"
38	10	1	1	"2,5,96,6"
38	10	2	1	"2,5,96,6"
38	11	1	1	"2,5,66,6"
38	11	2	1	"2,5,66,6"
38	12	1	1	"2,5,76,6"
38	12	2	1	"2,5,76,6"
38	13	1	1	"2,5,96,6"
38	13	2	1	"2,5,96,6"
39	1	1	0	"2,9,226,6"
39	1	2	0	"2,9,206,6"
39	2	1	0	"2,9,206,6"
39	2	2	0	"2,9,206,6"
39	3	1	0	"2,9,246,6"
39	3	2	0	"2,9,246,6"
39	4	1	0	"2,9,246,6"
39	4	2	0	"2,9,266,6"
39	5	1	0	"2,9,306,6"
39	5	2	0	"2,9,306,6"
39	6	1	0	"2,9,306,6"
39	6	2	0	"2,9,306,6"
39	7	1	0	"2,9,346,6"
39	7	2	0	"2,9,346,6"
39	8	1	0	"2,9,326,6"
39	8	2	0	"2,9,346,6"
39	9	1	0	"2,9,386,6"
39	9	2	0	"2,9,366,6"
39	10	1	0	"2,9,386,6"
39	10	2	0	"2,9,386,6"
39	11	1	0	"2,9,246,6"
39	11	2	0	"2,9,246,6"
39	12	1	0	"2,9,286,6"
39	12	2	0	"2,9,306,6"
39	13	1	0	"2,9,1026,6"
39	13	2	0	"2,9,1026,6"
39	1	1	1	"2,9,296,6"
39	1	2	1	"2,9,216,6"
39	2	1	1	"2,9,216,6"
39	2	2	1	"2,9,216,6"
39	3	1	1	"2,9,256,6"
39	3	2	1	"2,9,256,6"
39	4	1	1	"2,9,256,6"
39	4	2	1	"2,9,276,6"
39	5	1	1	"2,9,316,6"
39	5	2	1	"2,9,316,6"
39	6	1	1	"2,9,316,6"
39	6	2	1	"2,9,316,6"
39	7	1	1	"2,9,356,6"
39	7	2	1	"2,9,356,6"
39	8	1	1	"2,9,356,6"
39	8	2	1	"2,9,356,6"
39	9	1	1	"2,9,396,6"
39	9	2	1	"2,9,376,6"
39	10	1	1	"2,9,396,6"
39	10	2	1	"2,9,396,6"
39	11	1	1	"2,9,256,6"
39	11	2	1	"2,9,256,6"
39	12	1	1	"2,9,296,6"
39	12	2	1	"2,9,316,6"
39	13	1	1	"2,9,1036,6"
39	13	2	1	"2,9,1036,6"
40	1	1	0	"2,1,187,6"
40	1	2	0	"2,1,197,6"
40	2	1	0	"2,1,207,6"
40	2	2	0	"2,1,217,6"
40	3	1	0	"2,2,26,6"
40	3	2	0	"2,2,36,6"
40	4	1	0	"2,1,227,6"
40	4	2	0	"2,1,237,6"
40	5	1	0	"2,1,267,6"
40	5	2	0	"2,1,277,6"
40	6	1	0	"2,1,277,6"
40	6	2	0	"2,1,247,6"
40	7	1	0	"2,1,307,6"
40	7	2	0	"2,1,287,6"
40	8	1	0	"2,1,297,6"
40	8	2	0	"2,1,317,6"
40	9	1	0	"2,1,347,6"
40	9	2	0	"2,1,337,6"
40	10	1	0	"2,1,327,6"
40	10	2	0	"2,1,357,6"
40	11	1	0	"2,1,927,6"
40	11	2	0	"2,1,937,6"
40	12	1	0	"2,1,257,6"
40	12	2	0	"2,1,277,6"
40	13	1	0	"2,1,1482,6"
40	13	2	0	"2,2,180,6"
40	1	1	1	"2,1,187,6"
40	1	2	1	"2,1,197,6"
40	2	1	1	"2,1,207,6"
40	2	2	1	"2,1,217,6"
40	3	1	1	"2,2,26,6"
40	3	2	1	"2,2,36,6"
40	4	1	1	"2,1,227,6"
40	4	2	1	"2,1,237,6"
40	5	1	1	"2,1,267,6"
40	5	2	1	"2,1,277,6"
40	6	1	1	"2,1,277,6"
40	6	2	1	"2,1,247,6"
40	7	1	1	"2,1,307,6"
40	7	2	1	"2,1,287,6"
40	8	1	1	"2,1,297,6"
40	8	2	1	"2,1,317,6"
40	9	1	1	"2,1,347,6"
40	9	2	1	"2,1,337,6"
40	10	1	1	"2,1,327,6"
40	10	2	1	"2,1,357,6"
40	11	1	1	"2,1,927,6"
40	11	2	1	"2,1,937,6"
40	12	1	1	"2,1,257,6"
40	12	2	1	"2,1,277,6"
40	13	1	1	"2,1,1482,6"
40	13	2	1	"2,2,180,6"
41	1	1	0	"2,7,109,7"
41	1	2	0	"2,7,109,7"
41	2	1	0	"2,7,109,7"
41	2	2	0	"2,7,109,7"
41	3	1	0	"2,7,129,7"
41	3	2	0	"2,7,129,7"
41	4	1	0	"2,7,129,7"
41	4	2	0	"2,7,129,7"
41	5	1	0	"2,7,149,7"
41	5	2	0	"2,7,149,7"
41	6	1	0	"2,7,149,7"
41	6	2	0	"2,7,149,7"
41	7	1	0	"2,7,169,7"
41	7	2	0	"2,7,169,7"
41	8	1	0	"2,7,169,7"
41	8	2	0	"2,7,169,7"
41	9	1	0	"2,7,189,7"
41	9	2	0	"2,7,189,7"
41	10	1	0	"2,7,189,7"
41	10	2	0	"2,7,189,7"
41	11	1	0	"2,7,129,7"
41	11	2	0	"2,7,129,7"
41	12	1	0	"2,7,149,7"
41	12	2	0	"2,7,149,7"
41	13	1	0	"2,7,189,7"
41	13	2	0	"2,7,189,7"
41	1	1	1	"2,7,119,7"
41	1	2	1	"2,7,119,7"
41	2	1	1	"2,7,119,7"
41	2	2	1	"2,7,119,7"
41	3	1	1	"2,7,139,7"
41	3	2	1	"2,7,139,7"
41	4	1	1	"2,7,139,7"
41	4	2	1	"2,7,139,7"
41	5	1	1	"2,7,159,7"
41	5	2	1	"2,7,159,7"
41	6	1	1	"2,7,159,7"
41	6	2	1	"2,7,159,7"
41	7	1	1	"2,7,179,7"
41	7	2	1	"2,7,179,7"
41	8	1	1	"2,7,179,7"
41	8	2	1	"2,7,179,7"
41	9	1	1	"2,7,199,7"
41	9	2	1	"2,7,199,7"
41	10	1	1	"2,7,199,7"
41	10	2	1	"2,7,199,7"
41	11	1	1	"2,7,139,7"
41	11	2	1	"2,7,139,7"
41	12	1	1	"2,7,159,7"
41	12	2	1	"2,7,159,7"
41	13	1	1	"2,7,199,7"
41	13	2	1	"2,7,199,7"
42	1	1	0	"2,6,58,7"
42	1	2	0	"2,6,58,7"
42	2	1	0	"2,6,58,7"
42	2	2	0	"2,6,58,7"
42	3	1	0	"2,6,68,7"
42	3	2	0	"2,6,68,7"
42	4	1	0	"2,6,68,7"
42	4	2	0	"2,6,68,7"
42	5	1	0	"2,6,78,7"
42	5	2	0	"2,6,78,7"
42	6	1	0	"2,6,78,7"
42	6	2	0	"2,6,78,7"
42	7	1	0	"2,6,88,7"
42	7	2	0	"2,6,88,7"
42	8	1	0	"2,6,88,7"
42	8	2	0	"2,6,88,7"
42	9	1	0	"2,6,98,7"
42	9	2	0	"2,6,98,7"
42	10	1	0	"2,6,98,7"
42	10	2	0	"2,6,98,7"
42	11	1	0	"2,6,68,7"
42	11	2	0	"2,6,68,7"
42	12	1	0	"2,6,78,7"
42	12	2	0	"2,6,78,7"
42	13	1	0	"2,6,98,7"
42	13	2	0	"2,6,98,7"
42	1	1	1	"2,6,58,7"
42	1	2	1	"2,6,58,7"
42	2	1	1	"2,6,58,7"
42	2	2	1	"2,6,58,7"
42	3	1	1	"2,6,68,7"
42	3	2	1	"2,6,68,7"
42	4	1	1	"2,6,68,7"
42	4	2	1	"2,6,68,7"
42	5	1	1	"2,6,78,7"
42	5	2	1	"2,6,78,7"
42	6	1	1	"2,6,78,7"
42	6	2	1	"2,6,78,7"
42	7	1	1	"2,6,88,7"
42	7	2	1	"2,6,88,7"
42	8	1	1	"2,6,88,7"
42	8	2	1	"2,6,88,7"
42	9	1	1	"2,6,98,7"
42	9	2	1	"2,6,98,7"
42	10	1	1	"2,6,98,7"
42	10	2	1	"2,6,98,7"
42	11	1	1	"2,6,68,7"
42	11	2	1	"2,6,68,7"
42	12	1	1	"2,6,78,7"
42	12	2	1	"2,6,78,7"
42	13	1	1	"2,6,98,7"
42	13	2	1	"2,6,98,7"
43	1	1	0	"2,10,109,7"
43	1	2	0	"2,10,109,7"
43	2	1	0	"2,10,109,7"
43	2	2	0	"2,10,109,7"
43	3	1	0	"2,10,129,7"
43	3	2	0	"2,10,129,7"
43	4	1	0	"2,10,129,7"
43	4	2	0	"2,10,129,7"
43	5	1	0	"2,10,149,7"
43	5	2	0	"2,10,149,7"
43	6	1	0	"2,10,149,7"
43	6	2	0	"2,10,149,7"
43	7	1	0	"2,10,169,7"
43	7	2	0	"2,10,169,7"
43	8	1	0	"2,10,169,7"
43	8	2	0	"2,10,169,7"
43	9	1	0	"2,10,189,7"
43	9	2	0	"2,10,189,7"
43	10	1	0	"2,10,189,7"
43	10	2	0	"2,10,189,7"
43	11	1	0	"2,10,129,7"
43	11	2	0	"2,10,129,7"
43	12	1	0	"2,10,149,7"
43	12	2	0	"2,10,149,7"
43	13	1	0	"2,10,189,7"
43	13	2	0	"2,10,189,7"
43	1	1	1	"2,10,119,7"
43	1	2	1	"2,10,119,7"
43	2	1	1	"2,10,119,7"
43	2	2	1	"2,10,119,7"
43	3	1	1	"2,10,139,7"
43	3	2	1	"2,10,139,7"
43	4	1	1	"2,10,139,7"
43	4	2	1	"2,10,139,7"
43	5	1	1	"2,10,159,7"
43	5	2	1	"2,10,159,7"
43	6	1	1	"2,10,159,7"
43	6	2	1	"2,10,159,7"
43	7	1	1	"2,10,179,7"
43	7	2	1	"2,10,179,7"
43	8	1	1	"2,10,179,7"
43	8	2	1	"2,10,179,7"
43	9	1	1	"2,10,199,7"
43	9	2	1	"2,10,199,7"
43	10	1	1	"2,10,199,7"
43	10	2	1	"2,10,199,7"
43	11	1	1	"2,10,139,7"
43	11	2	1	"2,10,139,7"
43	12	1	1	"2,10,159,7"
43	12	2	1	"2,10,159,7"
43	13	1	1	"2,10,199,7"
43	13	2	1	"2,10,199,7"
44	1	1	0	"2,11,107,7"
44	1	2	0	"2,11,107,7"
44	2	1	0	"2,11,107,7"
44	2	2	0	"2,11,107,7"
44	3	1	0	"2,11,127,7"
44	3	2	0	"2,11,127,7"
44	4	1	0	"2,11,127,7"
44	4	2	0	"2,11,127,7"
44	5	1	0	"2,11,147,7"
44	5	2	0	"2,11,147,7"
44	6	1	0	"2,11,147,7"
44	6	2	0	"2,11,147,7"
44	7	1	0	"2,11,167,7"
44	7	2	0	"2,11,167,7"
44	8	1	0	"2,11,167,7"
44	8	2	0	"2,11,167,7"
44	9	1	0	"2,11,187,7"
44	9	2	0	"2,11,187,7"
44	10	1	0	"2,11,187,7"
44	10	2	0	"2,11,187,7"
44	11	1	0	"2,11,127,7"
44	11	2	0	"2,11,127,7"
44	12	1	0	"2,11,147,7"
44	12	2	0	"2,11,147,7"
44	13	1	0	"2,11,187,7"
44	13	2	0	"2,11,187,7"
44	1	1	1	"2,11,117,7"
44	1	2	1	"2,11,117,7"
44	2	1	1	"2,11,117,7"
44	2	2	1	"2,11,117,7"
44	3	1	1	"2,11,137,7"
44	3	2	1	"2,11,137,7"
44	4	1	1	"2,11,137,7"
44	4	2	1	"2,11,137,7"
44	5	1	1	"2,11,157,7"
44	5	2	1	"2,11,157,7"
44	6	1	1	"2,11,157,7"
44	6	2	1	"2,11,157,7"
44	7	1	1	"2,11,177,7"
44	7	2	1	"2,11,177,7"
44	8	1	1	"2,11,177,7"
44	8	2	1	"2,11,177,7"
44	9	1	1	"2,11,197,7"
44	9	2	1	"2,11,197,7"
44	10	1	1	"2,11,197,7"
44	10	2	1	"2,11,197,7"
44	11	1	1	"2,11,137,7"
44	11	2	1	"2,11,137,7"
44	12	1	1	"2,11,157,7"
44	12	2	1	"2,11,157,7"
44	13	1	1	"2,11,197,7"
44	13	2	1	"2,11,197,7"
45	1	1	0	"2,8,107,7"
45	1	2	0	"2,8,107,7"
45	2	1	0	"2,8,107,7"
45	2	2	0	"2,8,107,7"
45	3	1	0	"2,8,127,7"
45	3	2	0	"2,8,127,7"
45	4	1	0	"2,8,127,7"
45	4	2	0	"2,8,127,7"
45	5	1	0	"2,8,147,7"
45	5	2	0	"2,8,147,7"
45	6	1	0	"2,8,147,7"
45	6	2	0	"2,8,147,7"
45	7	1	0	"2,8,167,7"
45	7	2	0	"2,8,167,7"
45	8	1	0	"2,8,167,7"
45	8	2	0	"2,8,167,7"
45	9	1	0	"2,8,187,7"
45	9	2	0	"2,8,187,7"
45	10	1	0	"2,8,187,7"
45	10	2	0	"2,8,187,7"
45	11	1	0	"2,8,127,7"
45	11	2	0	"2,8,127,7"
45	12	1	0	"2,8,147,7"
45	12	2	0	"2,8,147,7"
45	13	1	0	"2,8,187,7"
45	13	2	0	"2,8,187,7"
45	1	1	1	"2,8,117,7"
45	1	2	1	"2,8,117,7"
45	2	1	1	"2,8,117,7"
45	2	2	1	"2,8,117,7"
45	3	1	1	"2,8,137,7"
45	3	2	1	"2,8,137,7"
45	4	1	1	"2,8,137,7"
45	4	2	1	"2,8,137,7"
45	5	1	1	"2,8,157,7"
45	5	2	1	"2,8,157,7"
45	6	1	1	"2,8,157,7"
45	6	2	1	"2,8,157,7"
45	7	1	1	"2,8,177,7"
45	7	2	1	"2,8,177,7"
45	8	1	1	"2,8,177,7"
45	8	2	1	"2,8,177,7"
45	9	1	1	"2,8,197,7"
45	9	2	1	"2,8,197,7"
45	10	1	1	"2,8,197,7"
45	10	2	1	"2,8,197,7"
45	11	1	1	"2,8,137,7"
45	11	2	1	"2,8,137,7"
45	12	1	1	"2,8,157,7"
45	12	2	1	"2,8,157,7"
45	13	1	1	"2,8,197,7"
45	13	2	1	"2,8,197,7"
46	1	1	0	"2,4,57,7"
46	1	2	0	"2,4,57,7"
46	2	1	0	"2,4,57,7"
46	2	2	0	"2,4,57,7"
46	3	1	0	"2,4,67,7"
46	3	2	0	"2,4,67,7"
46	4	1	0	"2,4,67,7"
46	4	2	0	"2,4,67,7"
46	5	1	0	"2,4,77,7"
46	5	2	0	"2,4,77,7"
46	6	1	0	"2,4,77,7"
46	6	2	0	"2,4,77,7"
46	7	1	0	"2,4,87,7"
46	7	2	0	"2,4,87,7"
46	8	1	0	"2,4,87,7"
46	8	2	0	"2,4,87,7"
46	9	1	0	"2,4,97,7"
46	9	2	0	"2,4,97,7"
46	10	1	0	"2,4,97,7"
46	10	2	0	"2,4,97,7"
46	11	1	0	"2,4,67,7"
46	11	2	0	"2,4,67,7"
46	12	1	0	"2,4,77,7"
46	12	2	0	"2,4,77,7"
46	13	1	0	"2,4,97,7"
46	13	2	0	"2,4,97,7"
46	1	1	1	"2,4,57,7"
46	1	2	1	"2,4,57,7"
46	2	1	1	"2,4,57,7"
46	2	2	1	"2,4,57,7"
46	3	1	1	"2,4,67,7"
46	3	2	1	"2,4,67,7"
46	4	1	1	"2,4,67,7"
46	4	2	1	"2,4,67,7"
46	5	1	1	"2,4,77,7"
46	5	2	1	"2,4,77,7"
46	6	1	1	"2,4,77,7"
46	6	2	1	"2,4,77,7"
46	7	1	1	"2,4,87,7"
46	7	2	1	"2,4,87,7"
46	8	1	1	"2,4,87,7"
46	8	2	1	"2,4,87,7"
46	9	1	1	"2,4,97,7"
46	9	2	1	"2,4,97,7"
46	10	1	1	"2,4,97,7"
46	10	2	1	"2,4,97,7"
46	11	1	1	"2,4,67,7"
46	11	2	1	"2,4,67,7"
46	12	1	1	"2,4,77,7"
46	12	2	1	"2,4,77,7"
46	13	1	1	"2,4,97,7"
46	13	2	1	"2,4,97,7"
47	1	1	0	"2,3,229,7"
47	1	2	0	"2,3,209,7"
47	2	1	0	"2,3,209,7"
47	2	2	0	"2,3,209,7"
47	3	1	0	"2,3,249,7"
47	3	2	0	"2,3,249,7"
47	4	1	0	"2,3,249,7"
47	4	2	0	"2,3,269,7"
47	5	1	0	"2,3,309,7"
47	5	2	0	"2,3,309,7"
47	6	1	0	"2,3,309,7"
47	6	2	0	"2,3,309,7"
47	7	1	0	"2,3,349,7"
47	7	2	0	"2,3,349,7"
47	8	1	0	"2,3,329,7"
47	8	2	0	"2,3,349,7"
47	9	1	0	"2,3,389,7"
47	9	2	0	"2,3,369,7"
47	10	1	0	"2,3,389,7"
47	10	2	0	"2,3,389,7"
47	11	1	0	"2,3,249,7"
47	11	2	0	"2,3,249,7"
47	12	1	0	"2,3,289,7"
47	12	2	0	"2,3,309,7"
47	13	1	0	"2,3,1401,7"
47	13	2	0	"2,3,1401,7"
47	1	1	1	"2,3,239,7"
47	1	2	1	"2,3,219,7"
47	2	1	1	"2,3,219,7"
47	2	2	1	"2,3,219,7"
47	3	1	1	"2,3,259,7"
47	3	2	1	"2,3,259,7"
47	4	1	1	"2,3,259,7"
47	4	2	1	"2,3,279,7"
47	5	1	1	"2,3,319,7"
47	5	2	1	"2,3,319,7"
47	6	1	1	"2,3,319,7"
47	6	2	1	"2,3,319,7"
47	7	1	1	"2,3,359,7"
47	7	2	1	"2,3,359,7"
47	8	1	1	"2,3,339,7"
47	8	2	1	"2,3,359,7"
47	9	1	1	"2,3,399,7"
47	9	2	1	"2,3,379,7"
47	10	1	1	"2,3,399,7"
47	10	2	1	"2,3,399,7"
47	11	1	1	"2,3,259,7"
47	11	2	1	"2,3,259,7"
47	12	1	1	"2,3,299,7"
47	12	2	1	"2,3,319,7"
47	13	1	1	"2,3,1411,7"
47	13	2	1	"2,3,1411,7"
48	1	1	0	"2,5,57,7"
48	1	2	0	"2,5,57,7"
48	2	1	0	"2,5,57,7"
48	2	2	0	"2,5,57,7"
48	3	1	0	"2,5,67,7"
48	3	2	0	"2,5,67,7"
48	4	1	0	"2,5,67,7"
48	4	2	0	"2,5,67,7"
48	5	1	0	"2,5,77,7"
48	5	2	0	"2,5,77,7"
48	6	1	0	"2,5,77,7"
48	6	2	0	"2,5,77,7"
48	7	1	0	"2,5,87,7"
48	7	2	0	"2,5,87,7"
48	8	1	0	"2,5,87,7"
48	8	2	0	"2,5,87,7"
48	9	1	0	"2,5,97,7"
48	9	2	0	"2,5,97,7"
48	10	1	0	"2,5,97,7"
48	10	2	0	"2,5,97,7"
48	11	1	0	"2,5,67,7"
48	11	2	0	"2,5,67,7"
48	12	1	0	"2,5,77,7"
48	12	2	0	"2,5,77,7"
48	13	1	0	"2,5,97,7"
48	13	2	0	"2,5,97,7"
48	1	1	1	"2,5,57,7"
48	1	2	1	"2,5,57,7"
48	2	1	1	"2,5,57,7"
48	2	2	1	"2,5,57,7"
48	3	1	1	"2,5,67,7"
48	3	2	1	"2,5,67,7"
48	4	1	1	"2,5,67,7"
48	4	2	1	"2,5,67,7"
48	5	1	1	"2,5,77,7"
48	5	2	1	"2,5,77,7"
48	6	1	1	"2,5,77,7"
48	6	2	1	"2,5,77,7"
48	7	1	1	"2,5,87,7"
48	7	2	1	"2,5,87,7"
48	8	1	1	"2,5,87,7"
48	8	2	1	"2,5,87,7"
48	9	1	1	"2,5,97,7"
48	9	2	1	"2,5,97,7"
48	10	1	1	"2,5,97,7"
48	10	2	1	"2,5,97,7"
48	11	1	1	"2,5,67,7"
48	11	2	1	"2,5,67,7"
48	12	1	1	"2,5,77,7"
48	12	2	1	"2,5,77,7"
48	13	1	1	"2,5,97,7"
48	13	2	1	"2,5,97,7"
49	1	1	0	"2,9,227,7"
49	1	2	0	"2,9,207,7"
49	2	1	0	"2,9,207,7"
49	2	2	0	"2,9,207,7"
49	3	1	0	"2,9,247,7"
49	3	2	0	"2,9,247,7"
49	4	1	0	"2,9,247,7"
49	4	2	0	"2,9,267,7"
49	5	1	0	"2,9,307,7"
49	5	2	0	"2,9,307,7"
49	6	1	0	"2,9,307,7"
49	6	2	0	"2,9,307,7"
49	7	1	0	"2,9,347,7"
49	7	2	0	"2,9,347,7"
49	8	1	0	"2,9,327,7"
49	8	2	0	"2,9,347,7"
49	9	1	0	"2,9,387,7"
49	9	2	0	"2,9,367,7"
49	10	1	0	"2,9,387,7"
49	10	2	0	"2,9,387,7"
49	11	1	0	"2,9,247,7"
49	11	2	0	"2,9,247,7"
49	12	1	0	"2,9,287,7"
49	12	2	0	"2,9,307,7"
49	13	1	0	"2,9,1027,7"
49	13	2	0	"2,9,1027,7"
49	1	1	1	"2,9,297,7"
49	1	2	1	"2,9,217,7"
49	2	1	1	"2,9,217,7"
49	2	2	1	"2,9,217,7"
49	3	1	1	"2,9,257,7"
49	3	2	1	"2,9,257,7"
49	4	1	1	"2,9,257,7"
49	4	2	1	"2,9,277,7"
49	5	1	1	"2,9,317,7"
49	5	2	1	"2,9,317,7"
49	6	1	1	"2,9,317,7"
49	6	2	1	"2,9,317,7"
49	7	1	1	"2,9,357,7"
49	7	2	1	"2,9,357,7"
49	8	1	1	"2,9,357,7"
49	8	2	1	"2,9,357,7"
49	9	1	1	"2,9,397,7"
49	9	2	1	"2,9,377,7"
49	10	1	1	"2,9,397,7"
49	10	2	1	"2,9,397,7"
49	11	1	1	"2,9,257,7"
49	11	2	1	"2,9,257,7"
49	12	1	1	"2,9,297,7"
49	12	2	1	"2,9,317,7"
49	13	1	1	"2,9,1037,7"
49	13	2	1	"2,9,1037,7"
51	1	1	0	"2,7,110,8"
51	1	2	0	"2,7,110,8"
51	2	1	0	"2,7,110,8"
51	2	2	0	"2,7,110,8"
51	3	1	0	"2,7,130,8"
51	3	2	0	"2,7,130,8"
51	4	1	0	"2,7,130,8"
51	4	2	0	"2,7,130,8"
51	5	1	0	"2,7,150,8"
51	5	2	0	"2,7,150,8"
51	6	1	0	"2,7,150,8"
51	6	2	0	"2,7,150,8"
51	7	1	0	"2,7,170,8"
51	7	2	0	"2,7,170,8"
51	8	1	0	"2,7,170,8"
51	8	2	0	"2,7,170,8"
51	9	1	0	"2,7,190,8"
51	9	2	0	"2,7,190,8"
51	10	1	0	"2,7,190,8"
51	10	2	0	"2,7,190,8"
51	11	1	0	"2,7,130,8"
51	11	2	0	"2,7,130,8"
51	12	1	0	"2,7,150,8"
51	12	2	0	"2,7,150,8"
51	13	1	0	"2,7,190,8"
51	13	2	0	"2,7,190,8"
51	1	1	1	"2,7,120,8"
51	1	2	1	"2,7,120,8"
51	2	1	1	"2,7,120,8"
51	2	2	1	"2,7,120,8"
51	3	1	1	"2,7,140,8"
51	3	2	1	"2,7,140,8"
51	4	1	1	"2,7,140,8"
51	4	2	1	"2,7,140,8"
51	5	1	1	"2,7,160,8"
51	5	2	1	"2,7,160,8"
51	6	1	1	"2,7,160,8"
51	6	2	1	"2,7,160,8"
51	7	1	1	"2,7,180,8"
51	7	2	1	"2,7,180,8"
51	8	1	1	"2,7,180,8"
51	8	2	1	"2,7,180,8"
51	9	1	1	"2,7,200,8"
51	9	2	1	"2,7,200,8"
51	10	1	1	"2,7,200,8"
51	10	2	1	"2,7,200,8"
51	11	1	1	"2,7,140,8"
51	11	2	1	"2,7,140,8"
51	12	1	1	"2,7,160,8"
51	12	2	1	"2,7,160,8"
51	13	1	1	"2,7,200,8"
51	13	2	1	"2,7,200,8"
52	1	1	0	"2,6,59,8"
52	1	2	0	"2,6,59,8"
52	2	1	0	"2,6,59,8"
52	2	2	0	"2,6,59,8"
52	3	1	0	"2,6,69,8"
52	3	2	0	"2,6,69,8"
52	4	1	0	"2,6,69,8"
52	4	2	0	"2,6,69,8"
52	5	1	0	"2,6,79,8"
52	5	2	0	"2,6,79,8"
52	6	1	0	"2,6,79,8"
52	6	2	0	"2,6,79,8"
52	7	1	0	"2,6,89,8"
52	7	2	0	"2,6,89,8"
52	8	1	0	"2,6,89,8"
52	8	2	0	"2,6,89,8"
52	9	1	0	"2,6,99,8"
52	9	2	0	"2,6,99,8"
52	10	1	0	"2,6,99,8"
52	10	2	0	"2,6,99,8"
52	11	1	0	"2,6,69,8"
52	11	2	0	"2,6,69,8"
52	12	1	0	"2,6,79,8"
52	12	2	0	"2,6,79,8"
52	13	1	0	"2,6,99,8"
52	13	2	0	"2,6,99,8"
52	1	1	1	"2,6,59,8"
52	1	2	1	"2,6,59,8"
52	2	1	1	"2,6,59,8"
52	2	2	1	"2,6,59,8"
52	3	1	1	"2,6,69,8"
52	3	2	1	"2,6,69,8"
52	4	1	1	"2,6,69,8"
52	4	2	1	"2,6,69,8"
52	5	1	1	"2,6,79,8"
52	5	2	1	"2,6,79,8"
52	6	1	1	"2,6,79,8"
52	6	2	1	"2,6,79,8"
52	7	1	1	"2,6,89,8"
52	7	2	1	"2,6,89,8"
52	8	1	1	"2,6,89,8"
52	8	2	1	"2,6,89,8"
52	9	1	1	"2,6,99,8"
52	9	2	1	"2,6,99,8"
52	10	1	1	"2,6,99,8"
52	10	2	1	"2,6,99,8"
52	11	1	1	"2,6,69,8"
52	11	2	1	"2,6,69,8"
52	12	1	1	"2,6,79,8"
52	12	2	1	"2,6,79,8"
52	13	1	1	"2,6,99,8"
52	13	2	1	"2,6,99,8"
53	1	1	0	"2,10,110,8"
53	1	2	0	"2,10,110,8"
53	2	1	0	"2,10,110,8"
53	2	2	0	"2,10,110,8"
53	3	1	0	"2,10,130,8"
53	3	2	0	"2,10,130,8"
53	4	1	0	"2,10,130,8"
53	4	2	0	"2,10,130,8"
53	5	1	0	"2,10,150,8"
53	5	2	0	"2,10,150,8"
53	6	1	0	"2,10,150,8"
53	6	2	0	"2,10,150,8"
53	7	1	0	"2,10,170,8"
53	7	2	0	"2,10,170,8"
53	8	1	0	"2,10,170,8"
53	8	2	0	"2,10,170,8"
53	9	1	0	"2,10,190,8"
53	9	2	0	"2,10,190,8"
53	10	1	0	"2,10,190,8"
53	10	2	0	"2,10,190,8"
53	11	1	0	"2,10,130,8"
53	11	2	0	"2,10,130,8"
53	12	1	0	"2,10,150,8"
53	12	2	0	"2,10,150,8"
53	13	1	0	"2,10,190,8"
53	13	2	0	"2,10,190,8"
53	1	1	1	"2,10,120,8"
53	1	2	1	"2,10,120,8"
53	2	1	1	"2,10,120,8"
53	2	2	1	"2,10,120,8"
53	3	1	1	"2,10,140,8"
53	3	2	1	"2,10,140,8"
53	4	1	1	"2,10,140,8"
53	4	2	1	"2,10,140,8"
53	5	1	1	"2,10,160,8"
53	5	2	1	"2,10,160,8"
53	6	1	1	"2,10,160,8"
53	6	2	1	"2,10,160,8"
53	7	1	1	"2,10,180,8"
53	7	2	1	"2,10,180,8"
53	8	1	1	"2,10,180,8"
53	8	2	1	"2,10,180,8"
53	9	1	1	"2,10,200,8"
53	9	2	1	"2,10,200,8"
53	10	1	1	"2,10,200,8"
53	10	2	1	"2,10,200,8"
53	11	1	1	"2,10,140,8"
53	11	2	1	"2,10,140,8"
53	12	1	1	"2,10,160,8"
53	12	2	1	"2,10,160,8"
53	13	1	1	"2,10,200,8"
53	13	2	1	"2,10,200,8"
54	1	1	0	"2,11,108,8"
54	1	2	0	"2,11,108,8"
54	2	1	0	"2,11,108,8"
54	2	2	0	"2,11,108,8"
54	3	1	0	"2,11,128,8"
54	3	2	0	"2,11,128,8"
54	4	1	0	"2,11,128,8"
54	4	2	0	"2,11,128,8"
54	5	1	0	"2,11,148,8"
54	5	2	0	"2,11,148,8"
54	6	1	0	"2,11,148,8"
54	6	2	0	"2,11,148,8"
54	7	1	0	"2,11,168,8"
54	7	2	0	"2,11,168,8"
54	8	1	0	"2,11,168,8"
54	8	2	0	"2,11,168,8"
54	9	1	0	"2,11,188,8"
54	9	2	0	"2,11,188,8"
54	10	1	0	"2,11,188,8"
54	10	2	0	"2,11,188,8"
54	11	1	0	"2,11,128,8"
54	11	2	0	"2,11,128,8"
54	12	1	0	"2,11,148,8"
54	12	2	0	"2,11,148,8"
54	13	1	0	"2,11,188,8"
54	13	2	0	"2,11,188,8"
54	1	1	1	"2,11,118,8"
54	1	2	1	"2,11,118,8"
54	2	1	1	"2,11,118,8"
54	2	2	1	"2,11,118,8"
54	3	1	1	"2,11,138,8"
54	3	2	1	"2,11,138,8"
54	4	1	1	"2,11,138,8"
54	4	2	1	"2,11,138,8"
54	5	1	1	"2,11,158,8"
54	5	2	1	"2,11,158,8"
54	6	1	1	"2,11,158,8"
54	6	2	1	"2,11,158,8"
54	7	1	1	"2,11,178,8"
54	7	2	1	"2,11,178,8"
54	8	1	1	"2,11,178,8"
54	8	2	1	"2,11,178,8"
54	9	1	1	"2,11,198,8"
54	9	2	1	"2,11,198,8"
54	10	1	1	"2,11,198,8"
54	10	2	1	"2,11,198,8"
54	11	1	1	"2,11,138,8"
54	11	2	1	"2,11,138,8"
54	12	1	1	"2,11,158,8"
54	12	2	1	"2,11,158,8"
54	13	1	1	"2,11,198,8"
54	13	2	1	"2,11,198,8"
55	1	1	0	"2,8,108,8"
55	1	2	0	"2,8,108,8"
55	2	1	0	"2,8,108,8"
55	2	2	0	"2,8,108,8"
55	3	1	0	"2,8,128,8"
55	3	2	0	"2,8,128,8"
55	4	1	0	"2,8,128,8"
55	4	2	0	"2,8,128,8"
55	5	1	0	"2,8,148,8"
55	5	2	0	"2,8,148,8"
55	6	1	0	"2,8,148,8"
55	6	2	0	"2,8,148,8"
55	7	1	0	"2,8,168,8"
55	7	2	0	"2,8,168,8"
55	8	1	0	"2,8,168,8"
55	8	2	0	"2,8,168,8"
55	9	1	0	"2,8,188,8"
55	9	2	0	"2,8,188,8"
55	10	1	0	"2,8,188,8"
55	10	2	0	"2,8,188,8"
55	11	1	0	"2,8,128,8"
55	11	2	0	"2,8,128,8"
55	12	1	0	"2,8,148,8"
55	12	2	0	"2,8,148,8"
55	13	1	0	"2,8,188,8"
55	13	2	0	"2,8,188,8"
55	1	1	1	"2,8,118,8"
55	1	2	1	"2,8,118,8"
55	2	1	1	"2,8,118,8"
55	2	2	1	"2,8,118,8"
55	3	1	1	"2,8,138,8"
55	3	2	1	"2,8,138,8"
55	4	1	1	"2,8,138,8"
55	4	2	1	"2,8,138,8"
55	5	1	1	"2,8,158,8"
55	5	2	1	"2,8,158,8"
55	6	1	1	"2,8,158,8"
55	6	2	1	"2,8,158,8"
55	7	1	1	"2,8,178,8"
55	7	2	1	"2,8,178,8"
55	8	1	1	"2,8,178,8"
55	8	2	1	"2,8,178,8"
55	9	1	1	"2,8,198,8"
55	9	2	1	"2,8,198,8"
55	10	1	1	"2,8,198,8"
55	10	2	1	"2,8,198,8"
55	11	1	1	"2,8,138,8"
55	11	2	1	"2,8,138,8"
55	12	1	1	"2,8,158,8"
55	12	2	1	"2,8,158,8"
55	13	1	1	"2,8,198,8"
55	13	2	1	"2,8,198,8"
56	1	1	0	"2,4,58,8"
56	1	2	0	"2,4,58,8"
56	2	1	0	"2,4,58,8"
56	2	2	0	"2,4,58,8"
56	3	1	0	"2,4,68,8"
56	3	2	0	"2,4,68,8"
56	4	1	0	"2,4,68,8"
56	4	2	0	"2,4,68,8"
56	5	1	0	"2,4,78,8"
56	5	2	0	"2,4,78,8"
56	6	1	0	"2,4,78,8"
56	6	2	0	"2,4,78,8"
56	7	1	0	"2,4,88,8"
56	7	2	0	"2,4,88,8"
56	8	1	0	"2,4,88,8"
56	8	2	0	"2,4,88,8"
56	9	1	0	"2,4,98,8"
56	9	2	0	"2,4,98,8"
56	10	1	0	"2,4,98,8"
56	10	2	0	"2,4,98,8"
56	11	1	0	"2,4,68,8"
56	11	2	0	"2,4,68,8"
56	12	1	0	"2,4,78,8"
56	12	2	0	"2,4,78,8"
56	13	1	0	"2,4,98,8"
56	13	2	0	"2,4,98,8"
56	1	1	1	"2,4,58,8"
56	1	2	1	"2,4,58,8"
56	2	1	1	"2,4,58,8"
56	2	2	1	"2,4,58,8"
56	3	1	1	"2,4,68,8"
56	3	2	1	"2,4,68,8"
56	4	1	1	"2,4,68,8"
56	4	2	1	"2,4,68,8"
56	5	1	1	"2,4,78,8"
56	5	2	1	"2,4,78,8"
56	6	1	1	"2,4,78,8"
56	6	2	1	"2,4,78,8"
56	7	1	1	"2,4,88,8"
56	7	2	1	"2,4,88,8"
56	8	1	1	"2,4,88,8"
56	8	2	1	"2,4,88,8"
56	9	1	1	"2,4,98,8"
56	9	2	1	"2,4,98,8"
56	10	1	1	"2,4,98,8"
56	10	2	1	"2,4,98,8"
56	11	1	1	"2,4,68,8"
56	11	2	1	"2,4,68,8"
56	12	1	1	"2,4,78,8"
56	12	2	1	"2,4,78,8"
56	13	1	1	"2,4,98,8"
56	13	2	1	"2,4,98,8"
57	1	1	0	"2,3,230,8"
57	1	2	0	"2,3,210,8"
57	2	1	0	"2,3,210,8"
57	2	2	0	"2,3,210,8"
57	3	1	0	"2,3,250,8"
57	3	2	0	"2,3,250,8"
57	4	1	0	"2,3,250,8"
57	4	2	0	"2,3,270,8"
57	5	1	0	"2,3,310,8"
57	5	2	0	"2,3,310,8"
57	6	1	0	"2,3,310,8"
57	6	2	0	"2,3,310,8"
57	7	1	0	"2,3,350,8"
57	7	2	0	"2,3,350,8"
57	8	1	0	"2,3,330,8"
57	8	2	0	"2,3,350,8"
57	9	1	0	"2,3,390,8"
57	9	2	0	"2,3,370,8"
57	10	1	0	"2,3,390,8"
57	10	2	0	"2,3,390,8"
57	11	1	0	"2,3,250,8"
57	11	2	0	"2,3,250,8"
57	12	1	0	"2,3,290,8"
57	12	2	0	"2,3,310,8"
57	13	1	0	"2,3,1402,8"
57	13	2	0	"2,3,1402,8"
57	1	1	1	"2,3,240,8"
57	1	2	1	"2,3,220,8"
57	2	1	1	"2,3,220,8"
57	2	2	1	"2,3,220,8"
57	3	1	1	"2,3,260,8"
57	3	2	1	"2,3,260,8"
57	4	1	1	"2,3,260,8"
57	4	2	1	"2,3,280,8"
57	5	1	1	"2,3,320,8"
57	5	2	1	"2,3,320,8"
57	6	1	1	"2,3,320,8"
57	6	2	1	"2,3,320,8"
57	7	1	1	"2,3,360,8"
57	7	2	1	"2,3,360,8"
57	8	1	1	"2,3,340,8"
57	8	2	1	"2,3,360,8"
57	9	1	1	"2,3,400,8"
57	9	2	1	"2,3,380,8"
57	10	1	1	"2,3,400,8"
57	10	2	1	"2,3,400,8"
57	11	1	1	"2,3,260,8"
57	11	2	1	"2,3,260,8"
57	12	1	1	"2,3,300,8"
57	12	2	1	"2,3,320,8"
57	13	1	1	"2,3,1412,8"
57	13	2	1	"2,3,1412,8"
58	1	1	0	"2,5,58,8"
58	1	2	0	"2,5,58,8"
58	2	1	0	"2,5,58,8"
58	2	2	0	"2,5,58,8"
58	3	1	0	"2,5,68,8"
58	3	2	0	"2,5,68,8"
58	4	1	0	"2,5,68,8"
58	4	2	0	"2,5,68,8"
58	5	1	0	"2,5,78,8"
58	5	2	0	"2,5,78,8"
58	6	1	0	"2,5,78,8"
58	6	2	0	"2,5,78,8"
58	7	1	0	"2,5,88,8"
58	7	2	0	"2,5,88,8"
58	8	1	0	"2,5,88,8"
58	8	2	0	"2,5,88,8"
58	9	1	0	"2,5,98,8"
58	9	2	0	"2,5,98,8"
58	10	1	0	"2,5,98,8"
58	10	2	0	"2,5,98,8"
58	11	1	0	"2,5,68,8"
58	11	2	0	"2,5,68,8"
58	12	1	0	"2,5,78,8"
58	12	2	0	"2,5,78,8"
58	13	1	0	"2,5,98,8"
58	13	2	0	"2,5,98,8"
58	1	1	1	"2,5,58,8"
58	1	2	1	"2,5,58,8"
58	2	1	1	"2,5,58,8"
58	2	2	1	"2,5,58,8"
58	3	1	1	"2,5,68,8"
58	3	2	1	"2,5,68,8"
58	4	1	1	"2,5,68,8"
58	4	2	1	"2,5,68,8"
58	5	1	1	"2,5,78,8"
58	5	2	1	"2,5,78,8"
58	6	1	1	"2,5,78,8"
58	6	2	1	"2,5,78,8"
58	7	1	1	"2,5,88,8"
58	7	2	1	"2,5,88,8"
58	8	1	1	"2,5,88,8"
58	8	2	1	"2,5,88,8"
58	9	1	1	"2,5,98,8"
58	9	2	1	"2,5,98,8"
58	10	1	1	"2,5,98,8"
58	10	2	1	"2,5,98,8"
58	11	1	1	"2,5,68,8"
58	11	2	1	"2,5,68,8"
58	12	1	1	"2,5,78,8"
58	12	2	1	"2,5,78,8"
58	13	1	1	"2,5,98,8"
58	13	2	1	"2,5,98,8"
59	1	1	0	"2,9,228,8"
59	1	2	0	"2,9,208,8"
59	2	1	0	"2,9,208,8"
59	2	2	0	"2,9,208,8"
59	3	1	0	"2,9,248,8"
59	3	2	0	"2,9,248,8"
59	4	1	0	"2,9,248,8"
59	4	2	0	"2,9,268,8"
59	5	1	0	"2,9,308,8"
59	5	2	0	"2,9,308,8"
59	6	1	0	"2,9,308,8"
59	6	2	0	"2,9,308,8"
59	7	1	0	"2,9,348,8"
59	7	2	0	"2,9,348,8"
59	8	1	0	"2,9,328,8"
59	8	2	0	"2,9,348,8"
59	9	1	0	"2,9,388,8"
59	9	2	0	"2,9,368,8"
59	10	1	0	"2,9,388,8"
59	10	2	0	"2,9,388,8"
59	11	1	0	"2,9,248,8"
59	11	2	0	"2,9,248,8"
59	12	1	0	"2,9,288,8"
59	12	2	0	"2,9,308,8"
59	13	1	0	"2,9,1028,8"
59	13	2	0	"2,9,1028,8"
59	1	1	1	"2,9,298,8"
59	1	2	1	"2,9,218,8"
59	2	1	1	"2,9,218,8"
59	2	2	1	"2,9,218,8"
59	3	1	1	"2,9,258,8"
59	3	2	1	"2,9,258,8"
59	4	1	1	"2,9,258,8"
59	4	2	1	"2,9,278,8"
59	5	1	1	"2,9,318,8"
59	5	2	1	"2,9,318,8"
59	6	1	1	"2,9,318,8"
59	6	2	1	"2,9,318,8"
59	7	1	1	"2,9,358,8"
59	7	2	1	"2,9,358,8"
59	8	1	1	"2,9,358,8"
59	8	2	1	"2,9,358,8"
59	9	1	1	"2,9,398,8"
59	9	2	1	"2,9,378,8"
59	10	1	1	"2,9,398,8"
59	10	2	1	"2,9,398,8"
59	11	1	1	"2,9,258,8"
59	11	2	1	"2,9,258,8"
59	12	1	1	"2,9,298,8"
59	12	2	1	"2,9,318,8"
59	13	1	1	"2,9,1038,8"
59	13	2	1	"2,9,1038,8"
60	1	1	0	"2,1,189,8"
60	1	2	0	"2,1,199,8"
60	2	1	0	"2,1,209,8"
60	2	2	0	"2,1,219,8"
60	3	1	0	"2,2,28,8"
60	3	2	0	"2,2,38,8"
60	4	1	0	"2,1,229,8"
60	4	2	0	"2,1,239,8"
60	5	1	0	"2,1,269,8"
60	5	2	0	"2,1,279,8"
60	6	1	0	"2,1,279,8"
60	6	2	0	"2,1,249,8"
60	7	1	0	"2,1,309,8"
60	7	2	0	"2,1,289,8"
60	8	1	0	"2,1,299,8"
60	8	2	0	"2,1,319,8"
60	9	1	0	"2,1,349,8"
60	9	2	0	"2,1,339,8"
60	10	1	0	"2,1,329,8"
60	10	2	0	"2,1,359,8"
60	11	1	0	"2,1,929,8"
60	11	2	0	"2,1,939,8"
60	12	1	0	"2,1,259,8"
60	12	2	0	"2,1,279,8"
60	13	1	0	"2,1,1484,8"
60	13	2	0	"2,2,182,8"
60	1	1	1	"2,1,189,8"
60	1	2	1	"2,1,199,8"
60	2	1	1	"2,1,209,8"
60	2	2	1	"2,1,219,8"
60	3	1	1	"2,2,28,8"
60	3	2	1	"2,2,38,8"
60	4	1	1	"2,1,229,8"
60	4	2	1	"2,1,239,8"
60	5	1	1	"2,1,269,8"
60	5	2	1	"2,1,279,8"
60	6	1	1	"2,1,279,8"
60	6	2	1	"2,1,249,8"
60	7	1	1	"2,1,309,8"
60	7	2	1	"2,1,289,8"
60	8	1	1	"2,1,299,8"
60	8	2	1	"2,1,319,8"
60	9	1	1	"2,1,349,8"
60	9	2	1	"2,1,339,8"
60	10	1	1	"2,1,329,8"
60	10	2	1	"2,1,359,8"
60	11	1	1	"2,1,929,8"
60	11	2	1	"2,1,939,8"
60	12	1	1	"2,1,259,8"
60	12	2	1	"2,1,279,8"
60	13	1	1	"2,1,1484,8"
60	13	2	1	"2,2,182,8"
61	1	1	0	"2,7,111,9"
61	1	2	0	"2,7,111,9"
61	2	1	0	"2,7,111,9"
61	2	2	0	"2,7,111,9"
61	3	1	0	"2,7,131,9"
61	3	2	0	"2,7,131,9"
61	4	1	0	"2,7,131,9"
61	4	2	0	"2,7,131,9"
61	5	1	0	"2,7,151,9"
61	5	2	0	"2,7,151,9"
61	6	1	0	"2,7,151,9"
61	6	2	0	"2,7,151,9"
61	7	1	0	"2,7,171,9"
61	7	2	0	"2,7,171,9"
61	8	1	0	"2,7,171,9"
61	8	2	0	"2,7,171,9"
61	9	1	0	"2,7,191,9"
61	9	2	0	"2,7,191,9"
61	10	1	0	"2,7,191,9"
61	10	2	0	"2,7,191,9"
61	11	1	0	"2,7,131,9"
61	11	2	0	"2,7,131,9"
61	12	1	0	"2,7,151,9"
61	12	2	0	"2,7,151,9"
61	13	1	0	"2,7,191,9"
61	13	2	0	"2,7,191,9"
61	1	1	1	"2,7,121,9"
61	1	2	1	"2,7,121,9"
61	2	1	1	"2,7,121,9"
61	2	2	1	"2,7,121,9"
61	3	1	1	"2,7,141,9"
61	3	2	1	"2,7,141,9"
61	4	1	1	"2,7,141,9"
61	4	2	1	"2,7,141,9"
61	5	1	1	"2,7,161,9"
61	5	2	1	"2,7,161,9"
61	6	1	1	"2,7,161,9"
61	6	2	1	"2,7,161,9"
61	7	1	1	"2,7,181,9"
61	7	2	1	"2,7,181,9"
61	8	1	1	"2,7,181,9"
61	8	2	1	"2,7,181,9"
61	9	1	1	"2,7,201,9"
61	9	2	1	"2,7,201,9"
61	10	1	1	"2,7,201,9"
61	10	2	1	"2,7,201,9"
61	11	1	1	"2,7,141,9"
61	11	2	1	"2,7,141,9"
61	12	1	1	"2,7,161,9"
61	12	2	1	"2,7,161,9"
61	13	1	1	"2,7,201,9"
61	13	2	1	"2,7,201,9"
62	1	1	0	"2,6,60,9"
62	1	2	0	"2,6,60,9"
62	2	1	0	"2,6,60,9"
62	2	2	0	"2,6,60,9"
62	3	1	0	"2,6,70,9"
62	3	2	0	"2,6,70,9"
62	4	1	0	"2,6,70,9"
62	4	2	0	"2,6,70,9"
62	5	1	0	"2,6,80,9"
62	5	2	0	"2,6,80,9"
62	6	1	0	"2,6,80,9"
62	6	2	0	"2,6,80,9"
62	7	1	0	"2,6,90,9"
62	7	2	0	"2,6,90,9"
62	8	1	0	"2,6,90,9"
62	8	2	0	"2,6,90,9"
62	9	1	0	"2,6,100,9"
62	9	2	0	"2,6,100,9"
62	10	1	0	"2,6,100,9"
62	10	2	0	"2,6,100,9"
62	11	1	0	"2,6,70,9"
62	11	2	0	"2,6,70,9"
62	12	1	0	"2,6,80,9"
62	12	2	0	"2,6,80,9"
62	13	1	0	"2,6,100,9"
62	13	2	0	"2,6,100,9"
62	1	1	1	"2,6,60,9"
62	1	2	1	"2,6,60,9"
62	2	1	1	"2,6,60,9"
62	2	2	1	"2,6,60,9"
62	3	1	1	"2,6,70,9"
62	3	2	1	"2,6,70,9"
62	4	1	1	"2,6,70,9"
62	4	2	1	"2,6,70,9"
62	5	1	1	"2,6,80,9"
62	5	2	1	"2,6,80,9"
62	6	1	1	"2,6,80,9"
62	6	2	1	"2,6,80,9"
62	7	1	1	"2,6,90,9"
62	7	2	1	"2,6,90,9"
62	8	1	1	"2,6,90,9"
62	8	2	1	"2,6,90,9"
62	9	1	1	"2,6,100,9"
62	9	2	1	"2,6,100,9"
62	10	1	1	"2,6,100,9"
62	10	2	1	"2,6,100,9"
62	11	1	1	"2,6,70,9"
62	11	2	1	"2,6,70,9"
62	12	1	1	"2,6,80,9"
62	12	2	1	"2,6,80,9"
62	13	1	1	"2,6,100,9"
62	13	2	1	"2,6,100,9"
63	1	1	0	"2,10,111,9"
63	1	2	0	"2,10,111,9"
63	2	1	0	"2,10,111,9"
63	2	2	0	"2,10,111,9"
63	3	1	0	"2,10,131,9"
63	3	2	0	"2,10,131,9"
63	4	1	0	"2,10,131,9"
63	4	2	0	"2,10,131,9"
63	5	1	0	"2,10,151,9"
63	5	2	0	"2,10,151,9"
63	6	1	0	"2,10,151,9"
63	6	2	0	"2,10,151,9"
63	7	1	0	"2,10,171,9"
63	7	2	0	"2,10,171,9"
63	8	1	0	"2,10,171,9"
63	8	2	0	"2,10,171,9"
63	9	1	0	"2,10,191,9"
63	9	2	0	"2,10,191,9"
63	10	1	0	"2,10,191,9"
63	10	2	0	"2,10,191,9"
63	11	1	0	"2,10,131,9"
63	11	2	0	"2,10,131,9"
63	12	1	0	"2,10,151,9"
63	12	2	0	"2,10,151,9"
63	13	1	0	"2,10,191,9"
63	13	2	0	"2,10,191,9"
63	1	1	1	"2,10,121,9"
63	1	2	1	"2,10,121,9"
63	2	1	1	"2,10,121,9"
63	2	2	1	"2,10,121,9"
63	3	1	1	"2,10,141,9"
63	3	2	1	"2,10,141,9"
63	4	1	1	"2,10,141,9"
63	4	2	1	"2,10,141,9"
63	5	1	1	"2,10,161,9"
63	5	2	1	"2,10,161,9"
63	6	1	1	"2,10,161,9"
63	6	2	1	"2,10,161,9"
63	7	1	1	"2,10,181,9"
63	7	2	1	"2,10,181,9"
63	8	1	1	"2,10,181,9"
63	8	2	1	"2,10,181,9"
63	9	1	1	"2,10,201,9"
63	9	2	1	"2,10,201,9"
63	10	1	1	"2,10,201,9"
63	10	2	1	"2,10,201,9"
63	11	1	1	"2,10,141,9"
63	11	2	1	"2,10,141,9"
63	12	1	1	"2,10,161,9"
63	12	2	1	"2,10,161,9"
63	13	1	1	"2,10,201,9"
63	13	2	1	"2,10,201,9"
64	1	1	0	"2,11,109,9"
64	1	2	0	"2,11,109,9"
64	2	1	0	"2,11,109,9"
64	2	2	0	"2,11,109,9"
64	3	1	0	"2,11,129,9"
64	3	2	0	"2,11,129,9"
64	4	1	0	"2,11,129,9"
64	4	2	0	"2,11,129,9"
64	5	1	0	"2,11,149,9"
64	5	2	0	"2,11,149,9"
64	6	1	0	"2,11,149,9"
64	6	2	0	"2,11,149,9"
64	7	1	0	"2,11,169,9"
64	7	2	0	"2,11,169,9"
64	8	1	0	"2,11,169,9"
64	8	2	0	"2,11,169,9"
64	9	1	0	"2,11,189,9"
64	9	2	0	"2,11,189,9"
64	10	1	0	"2,11,189,9"
64	10	2	0	"2,11,189,9"
64	11	1	0	"2,11,129,9"
64	11	2	0	"2,11,129,9"
64	12	1	0	"2,11,149,9"
64	12	2	0	"2,11,149,9"
64	13	1	0	"2,11,189,9"
64	13	2	0	"2,11,189,9"
64	1	1	1	"2,11,119,9"
64	1	2	1	"2,11,119,9"
64	2	1	1	"2,11,119,9"
64	2	2	1	"2,11,119,9"
64	3	1	1	"2,11,139,9"
64	3	2	1	"2,11,139,9"
64	4	1	1	"2,11,139,9"
64	4	2	1	"2,11,139,9"
64	5	1	1	"2,11,159,9"
64	5	2	1	"2,11,159,9"
64	6	1	1	"2,11,159,9"
64	6	2	1	"2,11,159,9"
64	7	1	1	"2,11,179,9"
64	7	2	1	"2,11,179,9"
64	8	1	1	"2,11,179,9"
64	8	2	1	"2,11,179,9"
64	9	1	1	"2,11,199,9"
64	9	2	1	"2,11,199,9"
64	10	1	1	"2,11,199,9"
64	10	2	1	"2,11,199,9"
64	11	1	1	"2,11,139,9"
64	11	2	1	"2,11,139,9"
64	12	1	1	"2,11,159,9"
64	12	2	1	"2,11,159,9"
64	13	1	1	"2,11,199,9"
64	13	2	1	"2,11,199,9"
65	1	1	0	"2,8,109,9"
65	1	2	0	"2,8,109,9"
65	2	1	0	"2,8,109,9"
65	2	2	0	"2,8,109,9"
65	3	1	0	"2,8,129,9"
65	3	2	0	"2,8,129,9"
65	4	1	0	"2,8,129,9"
65	4	2	0	"2,8,129,9"
65	5	1	0	"2,8,149,9"
65	5	2	0	"2,8,149,9"
65	6	1	0	"2,8,149,9"
65	6	2	0	"2,8,149,9"
65	7	1	0	"2,8,169,9"
65	7	2	0	"2,8,169,9"
65	8	1	0	"2,8,169,9"
65	8	2	0	"2,8,169,9"
65	9	1	0	"2,8,189,9"
65	9	2	0	"2,8,189,9"
65	10	1	0	"2,8,189,9"
65	10	2	0	"2,8,189,9"
65	11	1	0	"2,8,129,9"
65	11	2	0	"2,8,129,9"
65	12	1	0	"2,8,149,9"
65	12	2	0	"2,8,149,9"
65	13	1	0	"2,8,189,9"
65	13	2	0	"2,8,189,9"
65	1	1	1	"2,8,119,9"
65	1	2	1	"2,8,119,9"
65	2	1	1	"2,8,119,9"
65	2	2	1	"2,8,119,9"
65	3	1	1	"2,8,139,9"
65	3	2	1	"2,8,139,9"
65	4	1	1	"2,8,139,9"
65	4	2	1	"2,8,139,9"
65	5	1	1	"2,8,159,9"
65	5	2	1	"2,8,159,9"
65	6	1	1	"2,8,159,9"
65	6	2	1	"2,8,159,9"
65	7	1	1	"2,8,179,9"
65	7	2	1	"2,8,179,9"
65	8	1	1	"2,8,179,9"
65	8	2	1	"2,8,179,9"
65	9	1	1	"2,8,199,9"
65	9	2	1	"2,8,199,9"
65	10	1	1	"2,8,199,9"
65	10	2	1	"2,8,199,9"
65	11	1	1	"2,8,139,9"
65	11	2	1	"2,8,139,9"
65	12	1	1	"2,8,159,9"
65	12	2	1	"2,8,159,9"
65	13	1	1	"2,8,199,9"
65	13	2	1	"2,8,199,9"
66	1	1	0	"2,4,59,9"
66	1	2	0	"2,4,59,9"
66	2	1	0	"2,4,59,9"
66	2	2	0	"2,4,59,9"
66	3	1	0	"2,4,69,9"
66	3	2	0	"2,4,69,9"
66	4	1	0	"2,4,69,9"
66	4	2	0	"2,4,69,9"
66	5	1	0	"2,4,79,9"
66	5	2	0	"2,4,79,9"
66	6	1	0	"2,4,79,9"
66	6	2	0	"2,4,79,9"
66	7	1	0	"2,4,89,9"
66	7	2	0	"2,4,89,9"
66	8	1	0	"2,4,89,9"
66	8	2	0	"2,4,89,9"
66	9	1	0	"2,4,99,9"
66	9	2	0	"2,4,99,9"
66	10	1	0	"2,4,99,9"
66	10	2	0	"2,4,99,9"
66	11	1	0	"2,4,69,9"
66	11	2	0	"2,4,69,9"
66	12	1	0	"2,4,79,9"
66	12	2	0	"2,4,79,9"
66	13	1	0	"2,4,99,9"
66	13	2	0	"2,4,99,9"
66	1	1	1	"2,4,59,9"
66	1	2	1	"2,4,59,9"
66	2	1	1	"2,4,59,9"
66	2	2	1	"2,4,59,9"
66	3	1	1	"2,4,69,9"
66	3	2	1	"2,4,69,9"
66	4	1	1	"2,4,69,9"
66	4	2	1	"2,4,69,9"
66	5	1	1	"2,4,79,9"
66	5	2	1	"2,4,79,9"
66	6	1	1	"2,4,79,9"
66	6	2	1	"2,4,79,9"
66	7	1	1	"2,4,89,9"
66	7	2	1	"2,4,89,9"
66	8	1	1	"2,4,89,9"
66	8	2	1	"2,4,89,9"
66	9	1	1	"2,4,99,9"
66	9	2	1	"2,4,99,9"
66	10	1	1	"2,4,99,9"
66	10	2	1	"2,4,99,9"
66	11	1	1	"2,4,69,9"
66	11	2	1	"2,4,69,9"
66	12	1	1	"2,4,79,9"
66	12	2	1	"2,4,79,9"
66	13	1	1	"2,4,99,9"
66	13	2	1	"2,4,99,9"
67	1	1	0	"2,3,231,9"
67	1	2	0	"2,3,211,9"
67	2	1	0	"2,3,211,9"
67	2	2	0	"2,3,211,9"
67	3	1	0	"2,3,251,9"
67	3	2	0	"2,3,251,9"
67	4	1	0	"2,3,251,9"
67	4	2	0	"2,3,271,9"
67	5	1	0	"2,3,311,9"
67	5	2	0	"2,3,311,9"
67	6	1	0	"2,3,311,9"
67	6	2	0	"2,3,311,9"
67	7	1	0	"2,3,351,9"
67	7	2	0	"2,3,351,9"
67	8	1	0	"2,3,331,9"
67	8	2	0	"2,3,351,9"
67	9	1	0	"2,3,391,9"
67	9	2	0	"2,3,371,9"
67	10	1	0	"2,3,391,9"
67	10	2	0	"2,3,391,9"
67	11	1	0	"2,3,251,9"
67	11	2	0	"2,3,251,9"
67	12	1	0	"2,3,291,9"
67	12	2	0	"2,3,311,9"
67	13	1	0	"2,3,1403,9"
67	13	2	0	"2,3,1403,9"
67	1	1	1	"2,3,241,9"
67	1	2	1	"2,3,221,9"
67	2	1	1	"2,3,221,9"
67	2	2	1	"2,3,221,9"
67	3	1	1	"2,3,261,9"
67	3	2	1	"2,3,261,9"
67	4	1	1	"2,3,261,9"
67	4	2	1	"2,3,281,9"
67	5	1	1	"2,3,321,9"
67	5	2	1	"2,3,321,9"
67	6	1	1	"2,3,321,9"
67	6	2	1	"2,3,321,9"
67	7	1	1	"2,3,361,9"
67	7	2	1	"2,3,361,9"
67	8	1	1	"2,3,341,9"
67	8	2	1	"2,3,361,9"
67	9	1	1	"2,3,401,9"
67	9	2	1	"2,3,381,9"
67	10	1	1	"2,3,401,9"
67	10	2	1	"2,3,401,9"
67	11	1	1	"2,3,261,9"
67	11	2	1	"2,3,261,9"
67	12	1	1	"2,3,301,9"
67	12	2	1	"2,3,321,9"
67	13	1	1	"2,3,1413,9"
67	13	2	1	"2,3,1413,9"
68	1	1	0	"2,5,59,9"
68	1	2	0	"2,5,59,9"
68	2	1	0	"2,5,59,9"
68	2	2	0	"2,5,59,9"
68	3	1	0	"2,5,69,9"
68	3	2	0	"2,5,69,9"
68	4	1	0	"2,5,69,9"
68	4	2	0	"2,5,69,9"
68	5	1	0	"2,5,79,9"
68	5	2	0	"2,5,79,9"
68	6	1	0	"2,5,79,9"
68	6	2	0	"2,5,79,9"
68	7	1	0	"2,5,89,9"
68	7	2	0	"2,5,89,9"
68	8	1	0	"2,5,89,9"
68	8	2	0	"2,5,89,9"
68	9	1	0	"2,5,99,9"
68	9	2	0	"2,5,99,9"
68	10	1	0	"2,5,99,9"
68	10	2	0	"2,5,99,9"
68	11	1	0	"2,5,69,9"
68	11	2	0	"2,5,69,9"
68	12	1	0	"2,5,79,9"
68	12	2	0	"2,5,79,9"
68	13	1	0	"2,5,99,9"
68	13	2	0	"2,5,99,9"
68	1	1	1	"2,5,59,9"
68	1	2	1	"2,5,59,9"
68	2	1	1	"2,5,59,9"
68	2	2	1	"2,5,59,9"
68	3	1	1	"2,5,69,9"
68	3	2	1	"2,5,69,9"
68	4	1	1	"2,5,69,9"
68	4	2	1	"2,5,69,9"
68	5	1	1	"2,5,79,9"
68	5	2	1	"2,5,79,9"
68	6	1	1	"2,5,79,9"
68	6	2	1	"2,5,79,9"
68	7	1	1	"2,5,89,9"
68	7	2	1	"2,5,89,9"
68	8	1	1	"2,5,89,9"
68	8	2	1	"2,5,89,9"
68	9	1	1	"2,5,99,9"
68	9	2	1	"2,5,99,9"
68	10	1	1	"2,5,99,9"
68	10	2	1	"2,5,99,9"
68	11	1	1	"2,5,69,9"
68	11	2	1	"2,5,69,9"
68	12	1	1	"2,5,79,9"
68	12	2	1	"2,5,79,9"
68	13	1	1	"2,5,99,9"
68	13	2	1	"2,5,99,9"
69	1	1	0	"2,9,229,9"
69	1	2	0	"2,9,209,9"
69	2	1	0	"2,9,209,9"
69	2	2	0	"2,9,209,9"
69	3	1	0	"2,9,249,9"
69	3	2	0	"2,9,249,9"
69	4	1	0	"2,9,249,9"
69	4	2	0	"2,9,269,9"
69	5	1	0	"2,9,309,9"
69	5	2	0	"2,9,309,9"
69	6	1	0	"2,9,309,9"
69	6	2	0	"2,9,309,9"
69	7	1	0	"2,9,349,9"
69	7	2	0	"2,9,349,9"
69	8	1	0	"2,9,329,9"
69	8	2	0	"2,9,349,9"
69	9	1	0	"2,9,389,9"
69	9	2	0	"2,9,369,9"
69	10	1	0	"2,9,389,9"
69	10	2	0	"2,9,389,9"
69	11	1	0	"2,9,249,9"
69	11	2	0	"2,9,249,9"
69	12	1	0	"2,9,289,9"
69	12	2	0	"2,9,309,9"
69	13	1	0	"2,9,1029,9"
69	13	2	0	"2,9,1029,9"
69	1	1	1	"2,9,299,9"
69	1	2	1	"2,9,219,9"
69	2	1	1	"2,9,219,9"
69	2	2	1	"2,9,219,9"
69	3	1	1	"2,9,259,9"
69	3	2	1	"2,9,259,9"
69	4	1	1	"2,9,259,9"
69	4	2	1	"2,9,279,9"
69	5	1	1	"2,9,319,9"
69	5	2	1	"2,9,319,9"
69	6	1	1	"2,9,319,9"
69	6	2	1	"2,9,319,9"
69	7	1	1	"2,9,359,9"
69	7	2	1	"2,9,359,9"
69	8	1	1	"2,9,359,9"
69	8	2	1	"2,9,359,9"
69	9	1	1	"2,9,399,9"
69	9	2	1	"2,9,379,9"
69	10	1	1	"2,9,399,9"
69	10	2	1	"2,9,399,9"
69	11	1	1	"2,9,259,9"
69	11	2	1	"2,9,259,9"
69	12	1	1	"2,9,299,9"
69	12	2	1	"2,9,319,9"
69	13	1	1	"2,9,1039,9"
69	13	2	1	"2,9,1039,9"
70	1	1	0	"2,1,190,9"
70	1	2	0	"2,1,200,9"
70	2	1	0	"2,1,210,9"
70	2	2	0	"2,1,220,9"
70	3	1	0	"2,2,29,9"
70	3	2	0	"2,2,39,9"
70	4	1	0	"2,1,230,9"
70	4	2	0	"2,1,240,9"
70	5	1	0	"2,1,270,9"
70	5	2	0	"2,1,280,9"
70	6	1	0	"2,1,280,9"
70	6	2	0	"2,1,250,9"
70	7	1	0	"2,1,310,9"
70	7	2	0	"2,1,290,9"
70	8	1	0	"2,1,300,9"
70	8	2	0	"2,1,320,9"
70	9	1	0	"2,1,350,9"
70	9	2	0	"2,1,340,9"
70	10	1	0	"2,1,330,9"
70	10	2	0	"2,1,360,9"
70	11	1	0	"2,1,930,9"
70	11	2	0	"2,1,940,9"
70	12	1	0	"2,1,260,9"
70	12	2	0	"2,1,280,9"
70	13	1	0	"2,1,1485,9"
70	13	2	0	"2,2,183,9"
70	1	1	1	"2,1,190,9"
70	1	2	1	"2,1,200,9"
70	2	1	1	"2,1,210,9"
70	2	2	1	"2,1,220,9"
70	3	1	1	"2,2,29,9"
70	3	2	1	"2,2,39,9"
70	4	1	1	"2,1,230,9"
70	4	2	1	"2,1,240,9"
70	5	1	1	"2,1,270,9"
70	5	2	1	"2,1,280,9"
70	6	1	1	"2,1,280,9"
70	6	2	1	"2,1,250,9"
70	7	1	1	"2,1,310,9"
70	7	2	1	"2,1,290,9"
70	8	1	1	"2,1,300,9"
70	8	2	1	"2,1,320,9"
70	9	1	1	"2,1,350,9"
70	9	2	1	"2,1,340,9"
70	10	1	1	"2,1,330,9"
70	10	2	1	"2,1,360,9"
70	11	1	1	"2,1,930,9"
70	11	2	1	"2,1,940,9"
70	12	1	1	"2,1,260,9"
70	12	2	1	"2,1,280,9"
70	13	1	1	"2,1,1485,9"
70	13	2	1	"2,2,183,9"
71	1	1	0	"2,7,112,10"
71	1	2	0	"2,7,112,10"
71	2	1	0	"2,7,112,10"
71	2	2	0	"2,7,112,10"
71	3	1	0	"2,7,132,10"
71	3	2	0	"2,7,132,10"
71	4	1	0	"2,7,132,10"
71	4	2	0	"2,7,132,10"
71	5	1	0	"2,7,152,10"
71	5	2	0	"2,7,152,10"
71	6	1	0	"2,7,152,10"
71	6	2	0	"2,7,152,10"
71	7	1	0	"2,7,172,10"
71	7	2	0	"2,7,172,10"
71	8	1	0	"2,7,172,10"
71	8	2	0	"2,7,172,10"
71	9	1	0	"2,7,192,10"
71	9	2	0	"2,7,192,10"
71	10	1	0	"2,7,192,10"
71	10	2	0	"2,7,192,10"
71	11	1	0	"2,7,132,10"
71	11	2	0	"2,7,132,10"
71	12	1	0	"2,7,152,10"
71	12	2	0	"2,7,152,10"
71	13	1	0	"2,7,192,10"
71	13	2	0	"2,7,192,10"
71	1	1	1	"2,7,122,10"
71	1	2	1	"2,7,122,10"
71	2	1	1	"2,7,122,10"
71	2	2	1	"2,7,122,10"
71	3	1	1	"2,7,142,10"
71	3	2	1	"2,7,142,10"
71	4	1	1	"2,7,142,10"
71	4	2	1	"2,7,142,10"
71	5	1	1	"2,7,162,10"
71	5	2	1	"2,7,162,10"
71	6	1	1	"2,7,162,10"
71	6	2	1	"2,7,162,10"
71	7	1	1	"2,7,182,10"
71	7	2	1	"2,7,182,10"
71	8	1	1	"2,7,182,10"
71	8	2	1	"2,7,182,10"
71	9	1	1	"2,7,202,10"
71	9	2	1	"2,7,202,10"
71	10	1	1	"2,7,202,10"
71	10	2	1	"2,7,202,10"
71	11	1	1	"2,7,142,10"
71	11	2	1	"2,7,142,10"
71	12	1	1	"2,7,162,10"
71	12	2	1	"2,7,162,10"
71	13	1	1	"2,7,202,10"
71	13	2	1	"2,7,202,10"
72	1	1	0	"2,6,61,10"
72	1	2	0	"2,6,61,10"
72	2	1	0	"2,6,61,10"
72	2	2	0	"2,6,61,10"
72	3	1	0	"2,6,71,10"
72	3	2	0	"2,6,71,10"
72	4	1	0	"2,6,71,10"
72	4	2	0	"2,6,71,10"
72	5	1	0	"2,6,81,10"
72	5	2	0	"2,6,81,10"
72	6	1	0	"2,6,81,10"
72	6	2	0	"2,6,81,10"
72	7	1	0	"2,6,91,10"
72	7	2	0	"2,6,91,10"
72	8	1	0	"2,6,91,10"
72	8	2	0	"2,6,91,10"
72	9	1	0	"2,6,101,10"
72	9	2	0	"2,6,101,10"
72	10	1	0	"2,6,101,10"
72	10	2	0	"2,6,101,10"
72	11	1	0	"2,6,71,10"
72	11	2	0	"2,6,71,10"
72	12	1	0	"2,6,81,10"
72	12	2	0	"2,6,81,10"
72	13	1	0	"2,6,101,10"
72	13	2	0	"2,6,101,10"
72	1	1	1	"2,6,61,10"
72	1	2	1	"2,6,61,10"
72	2	1	1	"2,6,61,10"
72	2	2	1	"2,6,61,10"
72	3	1	1	"2,6,71,10"
72	3	2	1	"2,6,71,10"
72	4	1	1	"2,6,71,10"
72	4	2	1	"2,6,71,10"
72	5	1	1	"2,6,81,10"
72	5	2	1	"2,6,81,10"
72	6	1	1	"2,6,81,10"
72	6	2	1	"2,6,81,10"
72	7	1	1	"2,6,91,10"
72	7	2	1	"2,6,91,10"
72	8	1	1	"2,6,91,10"
72	8	2	1	"2,6,91,10"
72	9	1	1	"2,6,101,10"
72	9	2	1	"2,6,101,10"
72	10	1	1	"2,6,101,10"
72	10	2	1	"2,6,101,10"
72	11	1	1	"2,6,71,10"
72	11	2	1	"2,6,71,10"
72	12	1	1	"2,6,81,10"
72	12	2	1	"2,6,81,10"
72	13	1	1	"2,6,101,10"
72	13	2	1	"2,6,101,10"
73	1	1	0	"2,10,112,10"
73	1	2	0	"2,10,112,10"
73	2	1	0	"2,10,112,10"
73	2	2	0	"2,10,112,10"
73	3	1	0	"2,10,132,10"
73	3	2	0	"2,10,132,10"
73	4	1	0	"2,10,132,10"
73	4	2	0	"2,10,132,10"
73	5	1	0	"2,10,152,10"
73	5	2	0	"2,10,152,10"
73	6	1	0	"2,10,152,10"
73	6	2	0	"2,10,152,10"
73	7	1	0	"2,10,172,10"
73	7	2	0	"2,10,172,10"
73	8	1	0	"2,10,172,10"
73	8	2	0	"2,10,172,10"
73	9	1	0	"2,10,192,10"
73	9	2	0	"2,10,192,10"
73	10	1	0	"2,10,192,10"
73	10	2	0	"2,10,192,10"
73	11	1	0	"2,10,132,10"
73	11	2	0	"2,10,132,10"
73	12	1	0	"2,10,152,10"
73	12	2	0	"2,10,152,10"
73	13	1	0	"2,10,192,10"
73	13	2	0	"2,10,192,10"
73	1	1	1	"2,10,122,10"
73	1	2	1	"2,10,122,10"
73	2	1	1	"2,10,122,10"
73	2	2	1	"2,10,122,10"
73	3	1	1	"2,10,142,10"
73	3	2	1	"2,10,142,10"
73	4	1	1	"2,10,142,10"
73	4	2	1	"2,10,142,10"
73	5	1	1	"2,10,162,10"
73	5	2	1	"2,10,162,10"
73	6	1	1	"2,10,162,10"
73	6	2	1	"2,10,162,10"
73	7	1	1	"2,10,182,10"
73	7	2	1	"2,10,182,10"
73	8	1	1	"2,10,182,10"
73	8	2	1	"2,10,182,10"
73	9	1	1	"2,10,202,10"
73	9	2	1	"2,10,202,10"
73	10	1	1	"2,10,202,10"
73	10	2	1	"2,10,202,10"
73	11	1	1	"2,10,142,10"
73	11	2	1	"2,10,142,10"
73	12	1	1	"2,10,162,10"
73	12	2	1	"2,10,162,10"
73	13	1	1	"2,10,202,10"
73	13	2	1	"2,10,202,10"
74	1	1	0	"2,11,110,10"
74	1	2	0	"2,11,110,10"
74	2	1	0	"2,11,110,10"
74	2	2	0	"2,11,110,10"
74	3	1	0	"2,11,130,10"
74	3	2	0	"2,11,130,10"
74	4	1	0	"2,11,130,10"
74	4	2	0	"2,11,130,10"
74	5	1	0	"2,11,150,10"
74	5	2	0	"2,11,150,10"
74	6	1	0	"2,11,150,10"
74	6	2	0	"2,11,150,10"
74	7	1	0	"2,11,170,10"
74	7	2	0	"2,11,170,10"
74	8	1	0	"2,11,170,10"
74	8	2	0	"2,11,170,10"
74	9	1	0	"2,11,190,10"
74	9	2	0	"2,11,190,10"
74	10	1	0	"2,11,190,10"
74	10	2	0	"2,11,190,10"
74	11	1	0	"2,11,130,10"
74	11	2	0	"2,11,130,10"
74	12	1	0	"2,11,150,10"
74	12	2	0	"2,11,150,10"
74	13	1	0	"2,11,190,10"
74	13	2	0	"2,11,190,10"
74	1	1	1	"2,11,120,10"
74	1	2	1	"2,11,120,10"
74	2	1	1	"2,11,120,10"
74	2	2	1	"2,11,120,10"
74	3	1	1	"2,11,140,10"
74	3	2	1	"2,11,140,10"
74	4	1	1	"2,11,140,10"
74	4	2	1	"2,11,140,10"
74	5	1	1	"2,11,160,10"
74	5	2	1	"2,11,160,10"
74	6	1	1	"2,11,160,10"
74	6	2	1	"2,11,160,10"
74	7	1	1	"2,11,180,10"
74	7	2	1	"2,11,180,10"
74	8	1	1	"2,11,180,10"
74	8	2	1	"2,11,180,10"
74	9	1	1	"2,11,200,10"
74	9	2	1	"2,11,200,10"
74	10	1	1	"2,11,200,10"
74	10	2	1	"2,11,200,10"
74	11	1	1	"2,11,140,10"
74	11	2	1	"2,11,140,10"
74	12	1	1	"2,11,160,10"
74	12	2	1	"2,11,160,10"
74	13	1	1	"2,11,200,10"
74	13	2	1	"2,11,200,10"
75	1	1	0	"2,8,110,10"
75	1	2	0	"2,8,110,10"
75	2	1	0	"2,8,110,10"
75	2	2	0	"2,8,110,10"
75	3	1	0	"2,8,130,10"
75	3	2	0	"2,8,130,10"
75	4	1	0	"2,8,130,10"
75	4	2	0	"2,8,130,10"
75	5	1	0	"2,8,150,10"
75	5	2	0	"2,8,150,10"
75	6	1	0	"2,8,150,10"
75	6	2	0	"2,8,150,10"
75	7	1	0	"2,8,170,10"
75	7	2	0	"2,8,170,10"
75	8	1	0	"2,8,170,10"
75	8	2	0	"2,8,170,10"
75	9	1	0	"2,8,190,10"
75	9	2	0	"2,8,190,10"
75	10	1	0	"2,8,190,10"
75	10	2	0	"2,8,190,10"
75	11	1	0	"2,8,130,10"
75	11	2	0	"2,8,130,10"
75	12	1	0	"2,8,150,10"
75	12	2	0	"2,8,150,10"
75	13	1	0	"2,8,190,10"
75	13	2	0	"2,8,190,10"
75	1	1	1	"2,8,120,10"
75	1	2	1	"2,8,120,10"
75	2	1	1	"2,8,120,10"
75	2	2	1	"2,8,120,10"
75	3	1	1	"2,8,140,10"
75	3	2	1	"2,8,140,10"
75	4	1	1	"2,8,140,10"
75	4	2	1	"2,8,140,10"
75	5	1	1	"2,8,160,10"
75	5	2	1	"2,8,160,10"
75	6	1	1	"2,8,160,10"
75	6	2	1	"2,8,160,10"
75	7	1	1	"2,8,180,10"
75	7	2	1	"2,8,180,10"
75	8	1	1	"2,8,180,10"
75	8	2	1	"2,8,180,10"
75	9	1	1	"2,8,200,10"
75	9	2	1	"2,8,200,10"
75	10	1	1	"2,8,200,10"
75	10	2	1	"2,8,200,10"
75	11	1	1	"2,8,140,10"
75	11	2	1	"2,8,140,10"
75	12	1	1	"2,8,160,10"
75	12	2	1	"2,8,160,10"
75	13	1	1	"2,8,200,10"
75	13	2	1	"2,8,200,10"
76	1	1	0	"2,4,60,10"
76	1	2	0	"2,4,60,10"
76	2	1	0	"2,4,60,10"
76	2	2	0	"2,4,60,10"
76	3	1	0	"2,4,70,10"
76	3	2	0	"2,4,70,10"
76	4	1	0	"2,4,70,10"
76	4	2	0	"2,4,70,10"
76	5	1	0	"2,4,80,10"
76	5	2	0	"2,4,80,10"
76	6	1	0	"2,4,80,10"
76	6	2	0	"2,4,80,10"
76	7	1	0	"2,4,90,10"
76	7	2	0	"2,4,90,10"
76	8	1	0	"2,4,90,10"
76	8	2	0	"2,4,90,10"
76	9	1	0	"2,4,100,10"
76	9	2	0	"2,4,100,10"
76	10	1	0	"2,4,100,10"
76	10	2	0	"2,4,100,10"
76	11	1	0	"2,4,70,10"
76	11	2	0	"2,4,70,10"
76	12	1	0	"2,4,80,10"
76	12	2	0	"2,4,80,10"
76	13	1	0	"2,4,100,10"
76	13	2	0	"2,4,100,10"
76	1	1	1	"2,4,60,10"
76	1	2	1	"2,4,60,10"
76	2	1	1	"2,4,60,10"
76	2	2	1	"2,4,60,10"
76	3	1	1	"2,4,70,10"
76	3	2	1	"2,4,70,10"
76	4	1	1	"2,4,70,10"
76	4	2	1	"2,4,70,10"
76	5	1	1	"2,4,80,10"
76	5	2	1	"2,4,80,10"
76	6	1	1	"2,4,80,10"
76	6	2	1	"2,4,80,10"
76	7	1	1	"2,4,90,10"
76	7	2	1	"2,4,90,10"
76	8	1	1	"2,4,90,10"
76	8	2	1	"2,4,90,10"
76	9	1	1	"2,4,100,10"
76	9	2	1	"2,4,100,10"
76	10	1	1	"2,4,100,10"
76	10	2	1	"2,4,100,10"
76	11	1	1	"2,4,70,10"
76	11	2	1	"2,4,70,10"
76	12	1	1	"2,4,80,10"
76	12	2	1	"2,4,80,10"
76	13	1	1	"2,4,100,10"
76	13	2	1	"2,4,100,10"
77	1	1	0	"2,3,232,10"
77	1	2	0	"2,3,212,10"
77	2	1	0	"2,3,212,10"
77	2	2	0	"2,3,212,10"
77	3	1	0	"2,3,252,10"
77	3	2	0	"2,3,252,10"
77	4	1	0	"2,3,252,10"
77	4	2	0	"2,3,272,10"
77	5	1	0	"2,3,312,10"
77	5	2	0	"2,3,312,10"
77	6	1	0	"2,3,312,10"
77	6	2	0	"2,3,312,10"
77	7	1	0	"2,3,352,10"
77	7	2	0	"2,3,352,10"
77	8	1	0	"2,3,332,10"
77	8	2	0	"2,3,352,10"
77	9	1	0	"2,3,392,10"
77	9	2	0	"2,3,372,10"
77	10	1	0	"2,3,392,10"
77	10	2	0	"2,3,392,10"
77	11	1	0	"2,3,252,10"
77	11	2	0	"2,3,252,10"
77	12	1	0	"2,3,292,10"
77	12	2	0	"2,3,312,10"
77	13	1	0	"2,3,1404,10"
77	13	2	0	"2,3,1404,10"
77	1	1	1	"2,3,242,10"
77	1	2	1	"2,3,222,10"
77	2	1	1	"2,3,222,10"
77	2	2	1	"2,3,222,10"
77	3	1	1	"2,3,262,10"
77	3	2	1	"2,3,262,10"
77	4	1	1	"2,3,262,10"
77	4	2	1	"2,3,282,10"
77	5	1	1	"2,3,322,10"
77	5	2	1	"2,3,322,10"
77	6	1	1	"2,3,322,10"
77	6	2	1	"2,3,322,10"
77	7	1	1	"2,3,362,10"
77	7	2	1	"2,3,362,10"
77	8	1	1	"2,3,342,10"
77	8	2	1	"2,3,362,10"
77	9	1	1	"2,3,402,10"
77	9	2	1	"2,3,382,10"
77	10	1	1	"2,3,402,10"
77	10	2	1	"2,3,402,10"
77	11	1	1	"2,3,262,10"
77	11	2	1	"2,3,262,10"
77	12	1	1	"2,3,302,10"
77	12	2	1	"2,3,322,10"
77	13	1	1	"2,3,1414,10"
77	13	2	1	"2,3,1414,10"
78	1	1	0	"2,5,60,10"
78	1	2	0	"2,5,60,10"
78	2	1	0	"2,5,60,10"
78	2	2	0	"2,5,60,10"
78	3	1	0	"2,5,70,10"
78	3	2	0	"2,5,70,10"
78	4	1	0	"2,5,70,10"
78	4	2	0	"2,5,70,10"
78	5	1	0	"2,5,80,10"
78	5	2	0	"2,5,80,10"
78	6	1	0	"2,5,80,10"
78	6	2	0	"2,5,80,10"
78	7	1	0	"2,5,90,10"
78	7	2	0	"2,5,90,10"
78	8	1	0	"2,5,90,10"
78	8	2	0	"2,5,90,10"
78	9	1	0	"2,5,100,10"
78	9	2	0	"2,5,100,10"
78	10	1	0	"2,5,100,10"
78	10	2	0	"2,5,100,10"
78	11	1	0	"2,5,70,10"
78	11	2	0	"2,5,70,10"
78	12	1	0	"2,5,80,10"
78	12	2	0	"2,5,80,10"
78	13	1	0	"2,5,100,10"
78	13	2	0	"2,5,100,10"
78	1	1	1	"2,5,60,10"
78	1	2	1	"2,5,60,10"
78	2	1	1	"2,5,60,10"
78	2	2	1	"2,5,60,10"
78	3	1	1	"2,5,70,10"
78	3	2	1	"2,5,70,10"
78	4	1	1	"2,5,70,10"
78	4	2	1	"2,5,70,10"
78	5	1	1	"2,5,80,10"
78	5	2	1	"2,5,80,10"
78	6	1	1	"2,5,80,10"
78	6	2	1	"2,5,80,10"
78	7	1	1	"2,5,90,10"
78	7	2	1	"2,5,90,10"
78	8	1	1	"2,5,90,10"
78	8	2	1	"2,5,90,10"
78	9	1	1	"2,5,100,10"
78	9	2	1	"2,5,100,10"
78	10	1	1	"2,5,100,10"
78	10	2	1	"2,5,100,10"
78	11	1	1	"2,5,70,10"
78	11	2	1	"2,5,70,10"
78	12	1	1	"2,5,80,10"
78	12	2	1	"2,5,80,10"
78	13	1	1	"2,5,100,10"
78	13	2	1	"2,5,100,10"
79	1	1	0	"2,9,230,10"
79	1	2	0	"2,9,210,10"
79	2	1	0	"2,9,210,10"
79	2	2	0	"2,9,210,10"
79	3	1	0	"2,9,250,10"
79	3	2	0	"2,9,250,10"
79	4	1	0	"2,9,250,10"
79	4	2	0	"2,9,270,10"
79	5	1	0	"2,9,310,10"
79	5	2	0	"2,9,310,10"
79	6	1	0	"2,9,310,10"
79	6	2	0	"2,9,310,10"
79	7	1	0	"2,9,350,10"
79	7	2	0	"2,9,350,10"
79	8	1	0	"2,9,330,10"
79	8	2	0	"2,9,350,10"
79	9	1	0	"2,9,390,10"
79	9	2	0	"2,9,370,10"
79	10	1	0	"2,9,390,10"
79	10	2	0	"2,9,390,10"
79	11	1	0	"2,9,250,10"
79	11	2	0	"2,9,250,10"
79	12	1	0	"2,9,290,10"
79	12	2	0	"2,9,310,10"
79	13	1	0	"2,9,1030,10"
79	13	2	0	"2,9,1030,10"
79	1	1	1	"2,9,300,10"
79	1	2	1	"2,9,220,10"
79	2	1	1	"2,9,220,10"
79	2	2	1	"2,9,220,10"
79	3	1	1	"2,9,260,10"
79	3	2	1	"2,9,260,10"
79	4	1	1	"2,9,260,10"
79	4	2	1	"2,9,280,10"
79	5	1	1	"2,9,320,10"
79	5	2	1	"2,9,320,10"
79	6	1	1	"2,9,320,10"
79	6	2	1	"2,9,320,10"
79	7	1	1	"2,9,360,10"
79	7	2	1	"2,9,360,10"
79	8	1	1	"2,9,360,10"
79	8	2	1	"2,9,360,10"
79	9	1	1	"2,9,400,10"
79	9	2	1	"2,9,380,10"
79	10	1	1	"2,9,400,10"
79	10	2	1	"2,9,400,10"
79	11	1	1	"2,9,260,10"
79	11	2	1	"2,9,260,10"
79	12	1	1	"2,9,300,10"
79	12	2	1	"2,9,320,10"
79	13	1	1	"2,9,1040,10"
79	13	2	1	"2,9,1040,10"
80	1	1	0	"2,3,225,3"
80	1	2	0	"2,3,205,3"
80	2	1	0	"2,3,205,3"
80	2	2	0	"2,3,205,3"
80	3	1	0	"2,3,245,3"
80	3	2	0	"2,3,245,3"
80	4	1	0	"2,3,245,3"
80	4	2	0	"2,3,265,3"
80	5	1	0	"2,3,305,3"
80	5	2	0	"2,3,305,3"
80	6	1	0	"2,3,305,3"
80	6	2	0	"2,3,305,3"
80	7	1	0	"2,3,345,3"
80	7	2	0	"2,3,345,3"
80	8	1	0	"2,3,325,3"
80	8	2	0	"2,3,345,3"
80	9	1	0	"2,3,385,3"
80	9	2	0	"2,3,365,3"
80	10	1	0	"2,3,385,3"
80	10	2	0	"2,3,385,3"
80	11	1	0	"2,3,245,3"
80	11	2	0	"2,3,245,3"
80	12	1	0	"2,3,285,3"
80	12	2	0	"2,3,305,3"
80	13	1	0	"2,3,1397,3"
80	13	2	0	"2,3,1397,3"
80	1	1	1	"2,3,235,3"
80	1	2	1	"2,3,215,3"
80	2	1	1	"2,3,215,3"
80	2	2	1	"2,3,215,3"
80	3	1	1	"2,3,255,3"
80	3	2	1	"2,3,255,3"
80	4	1	1	"2,3,255,3"
80	4	2	1	"2,3,275,3"
80	5	1	1	"2,3,315,3"
80	5	2	1	"2,3,315,3"
80	6	1	1	"2,3,315,3"
80	6	2	1	"2,3,315,3"
80	7	1	1	"2,3,355,3"
80	7	2	1	"2,3,355,3"
80	8	1	1	"2,3,335,3"
80	8	2	1	"2,3,355,3"
80	9	1	1	"2,3,395,3"
80	9	2	1	"2,3,375,3"
80	10	1	1	"2,3,395,3"
80	10	2	1	"2,3,395,3"
80	11	1	1	"2,3,255,3"
80	11	2	1	"2,3,255,3"
80	12	1	1	"2,3,295,3"
80	12	2	1	"2,3,315,3"
80	13	1	1	"2,3,1407,3"
80	13	2	1	"2,3,1407,3"
81	1	1	0	"2,1,184,3"
81	1	2	0	"2,1,194,3"
81	2	1	0	"2,1,204,3"
81	2	2	0	"2,1,214,3"
81	3	1	0	"2,2,23,3"
81	3	2	0	"2,2,33,3"
81	4	1	0	"2,1,224,3"
81	4	2	0	"2,1,234,3"
81	5	1	0	"2,1,264,3"
81	5	2	0	"2,1,274,3"
81	6	1	0	"2,1,274,3"
81	6	2	0	"2,1,244,3"
81	7	1	0	"2,1,304,3"
81	7	2	0	"2,1,284,3"
81	8	1	0	"2,1,294,3"
81	8	2	0	"2,1,314,3"
81	9	1	0	"2,1,344,3"
81	9	2	0	"2,1,334,3"
81	10	1	0	"2,1,324,3"
81	10	2	0	"2,1,354,3"
81	11	1	0	"2,1,924,3"
81	11	2	0	"2,1,934,3"
81	12	1	0	"2,1,254,3"
81	12	2	0	"2,1,274,3"
81	13	1	0	"2,1,1479,3"
81	13	2	0	"2,2,177,3"
81	1	1	1	"2,1,184,3"
81	1	2	1	"2,1,194,3"
81	2	1	1	"2,1,204,3"
81	2	2	1	"2,1,214,3"
81	3	1	1	"2,2,23,3"
81	3	2	1	"2,2,33,3"
81	4	1	1	"2,1,224,3"
81	4	2	1	"2,1,234,3"
81	5	1	1	"2,1,264,3"
81	5	2	1	"2,1,274,3"
81	6	1	1	"2,1,274,3"
81	6	2	1	"2,1,244,3"
81	7	1	1	"2,1,304,3"
81	7	2	1	"2,1,284,3"
81	8	1	1	"2,1,294,3"
81	8	2	1	"2,1,314,3"
81	9	1	1	"2,1,344,3"
81	9	2	1	"2,1,334,3"
81	10	1	1	"2,1,324,3"
81	10	2	1	"2,1,354,3"
81	11	1	1	"2,1,924,3"
81	11	2	1	"2,1,934,3"
81	12	1	1	"2,1,254,3"
81	12	2	1	"2,1,274,3"
81	13	1	1	"2,1,1479,3"
81	13	2	1	"2,2,177,3"
82	1	1	0	"2,6,57,6"
82	1	2	0	"2,6,57,6"
82	2	1	0	"2,6,57,6"
82	2	2	0	"2,6,57,6"
82	3	1	0	"2,6,67,6"
82	3	2	0	"2,6,67,6"
82	4	1	0	"2,6,67,6"
82	4	2	0	"2,6,67,6"
82	5	1	0	"2,6,77,6"
82	5	2	0	"2,6,77,6"
82	6	1	0	"2,6,77,6"
82	6	2	0	"2,6,77,6"
82	7	1	0	"2,6,87,6"
82	7	2	0	"2,6,87,6"
82	8	1	0	"2,6,87,6"
82	8	2	0	"2,6,87,6"
82	9	1	0	"2,6,97,6"
82	9	2	0	"2,6,97,6"
82	10	1	0	"2,6,97,6"
82	10	2	0	"2,6,97,6"
82	11	1	0	"2,6,67,6"
82	11	2	0	"2,6,67,6"
82	12	1	0	"2,6,77,6"
82	12	2	0	"2,6,77,6"
82	13	1	0	"2,6,97,6"
82	13	2	0	"2,6,97,6"
82	1	1	1	"2,6,57,6"
82	1	2	1	"2,6,57,6"
82	2	1	1	"2,6,57,6"
82	2	2	1	"2,6,57,6"
82	3	1	1	"2,6,67,6"
82	3	2	1	"2,6,67,6"
82	4	1	1	"2,6,67,6"
82	4	2	1	"2,6,67,6"
82	5	1	1	"2,6,77,6"
82	5	2	1	"2,6,77,6"
82	6	1	1	"2,6,77,6"
82	6	2	1	"2,6,77,6"
82	7	1	1	"2,6,87,6"
82	7	2	1	"2,6,87,6"
82	8	1	1	"2,6,87,6"
82	8	2	1	"2,6,87,6"
82	9	1	1	"2,6,97,6"
82	9	2	1	"2,6,97,6"
82	10	1	1	"2,6,97,6"
82	10	2	1	"2,6,97,6"
82	11	1	1	"2,6,67,6"
82	11	2	1	"2,6,67,6"
82	12	1	1	"2,6,77,6"
82	12	2	1	"2,6,77,6"
82	13	1	1	"2,6,97,6"
82	13	2	1	"2,6,97,6"
83	1	1	0	"2,4,58,8"
83	1	2	0	"2,4,58,8"
83	2	1	0	"2,4,58,8"
83	2	2	0	"2,4,58,8"
83	3	1	0	"2,4,68,8"
83	3	2	0	"2,4,68,8"
83	4	1	0	"2,4,68,8"
83	4	2	0	"2,4,68,8"
83	5	1	0	"2,4,78,8"
83	5	2	0	"2,4,78,8"
83	6	1	0	"2,4,78,8"
83	6	2	0	"2,4,78,8"
83	7	1	0	"2,4,88,8"
83	7	2	0	"2,4,88,8"
83	8	1	0	"2,4,88,8"
83	8	2	0	"2,4,88,8"
83	9	1	0	"2,4,98,8"
83	9	2	0	"2,4,98,8"
83	10	1	0	"2,4,98,8"
83	10	2	0	"2,4,98,8"
83	11	1	0	"2,4,68,8"
83	11	2	0	"2,4,68,8"
83	12	1	0	"2,4,78,8"
83	12	2	0	"2,4,78,8"
83	13	1	0	"2,4,98,8"
83	13	2	0	"2,4,98,8"
83	1	1	1	"2,4,58,8"
83	1	2	1	"2,4,58,8"
83	2	1	1	"2,4,58,8"
83	2	2	1	"2,4,58,8"
83	3	1	1	"2,4,68,8"
83	3	2	1	"2,4,68,8"
83	4	1	1	"2,4,68,8"
83	4	2	1	"2,4,68,8"
83	5	1	1	"2,4,78,8"
83	5	2	1	"2,4,78,8"
83	6	1	1	"2,4,78,8"
83	6	2	1	"2,4,78,8"
83	7	1	1	"2,4,88,8"
83	7	2	1	"2,4,88,8"
83	8	1	1	"2,4,88,8"
83	8	2	1	"2,4,88,8"
83	9	1	1	"2,4,98,8"
83	9	2	1	"2,4,98,8"
83	10	1	1	"2,4,98,8"
83	10	2	1	"2,4,98,8"
83	11	1	1	"2,4,68,8"
83	11	2	1	"2,4,68,8"
83	12	1	1	"2,4,78,8"
83	12	2	1	"2,4,78,8"
83	13	1	1	"2,4,98,8"
83	13	2	1	"2,4,98,8"
84	1	1	0	"2,8,310,10"
84	1	2	0	"2,8,310,10"
84	2	1	0	"2,8,310,10"
84	2	2	0	"2,8,310,10"
84	3	1	0	"2,8,330,10"
84	3	2	0	"2,8,330,10"
84	4	1	0	"2,8,330,10"
84	4	2	0	"2,8,330,10"
84	5	1	0	"2,8,350,10"
84	5	2	0	"2,8,350,10"
84	6	1	0	"2,8,350,10"
84	6	2	0	"2,8,350,10"
84	7	1	0	"2,8,370,10"
84	7	2	0	"2,8,370,10"
84	8	1	0	"2,8,370,10"
84	8	2	0	"2,8,370,10"
84	9	1	0	"2,8,390,10"
84	9	2	0	"2,8,390,10"
84	10	1	0	"2,8,390,10"
84	10	2	0	"2,8,390,10"
84	11	1	0	"2,8,330,10"
84	11	2	0	"2,8,330,10"
84	12	1	0	"2,8,350,10"
84	12	2	0	"2,8,350,10"
84	13	1	0	"2,8,390,10"
84	13	2	0	"2,8,390,10"
84	1	1	1	"2,8,320,10"
84	1	2	1	"2,8,320,10"
84	2	1	1	"2,8,320,10"
84	2	2	1	"2,8,320,10"
84	3	1	1	"2,8,340,10"
84	3	2	1	"2,8,340,10"
84	4	1	1	"2,8,340,10"
84	4	2	1	"2,8,340,10"
84	5	1	1	"2,8,360,10"
84	5	2	1	"2,8,360,10"
84	6	1	1	"2,8,360,10"
84	6	2	1	"2,8,360,10"
84	7	1	1	"2,8,380,10"
84	7	2	1	"2,8,380,10"
84	8	1	1	"2,8,380,10"
84	8	2	1	"2,8,380,10"
84	9	1	1	"2,8,400,10"
84	9	2	1	"2,8,400,10"
84	10	1	1	"2,8,400,10"
84	10	2	1	"2,8,400,10"
84	11	1	1	"2,8,340,10"
84	11	2	1	"2,8,340,10"
84	12	1	1	"2,8,360,10"
84	12	2	1	"2,8,360,10"
84	13	1	1	"2,8,400,10"
84	13	2	1	"2,8,400,10"
85	1	1	0	"2,6,4,3"
85	1	2	0	"2,6,4,3"
85	2	1	0	"2,6,4,3"
85	2	2	0	"2,6,4,3"
85	3	1	0	"2,6,14,3"
85	3	2	0	"2,6,14,3"
85	4	1	0	"2,6,14,3"
85	4	2	0	"2,6,14,3"
85	5	1	0	"2,6,24,3"
85	5	2	0	"2,6,24,3"
85	6	1	0	"2,6,24,3"
85	6	2	0	"2,6,24,3"
85	7	1	0	"2,6,34,3"
85	7	2	0	"2,6,34,3"
85	8	1	0	"2,6,34,3"
85	8	2	0	"2,6,34,3"
85	9	1	0	"2,6,44,3"
85	9	2	0	"2,6,44,3"
85	10	1	0	"2,6,44,3"
85	10	2	0	"2,6,44,3"
85	11	1	0	"2,6,14,3"
85	11	2	0	"2,6,14,3"
85	12	1	0	"2,6,24,3"
85	12	2	0	"2,6,24,3"
85	13	1	0	"2,6,44,3"
85	13	2	0	"2,6,44,3"
85	1	1	1	"2,6,4,3"
85	1	2	1	"2,6,4,3"
85	2	1	1	"2,6,4,3"
85	2	2	1	"2,6,4,3"
85	3	1	1	"2,6,14,3"
85	3	2	1	"2,6,14,3"
85	4	1	1	"2,6,14,3"
85	4	2	1	"2,6,14,3"
85	5	1	1	"2,6,24,3"
85	5	2	1	"2,6,24,3"
85	6	1	1	"2,6,24,3"
85	6	2	1	"2,6,24,3"
85	7	1	1	"2,6,34,3"
85	7	2	1	"2,6,34,3"
85	8	1	1	"2,6,34,3"
85	8	2	1	"2,6,34,3"
85	9	1	1	"2,6,44,3"
85	9	2	1	"2,6,44,3"
85	10	1	1	"2,6,44,3"
85	10	2	1	"2,6,44,3"
85	11	1	1	"2,6,14,3"
85	11	2	1	"2,6,14,3"
85	12	1	1	"2,6,24,3"
85	12	2	1	"2,6,24,3"
85	13	1	1	"2,6,44,3"
85	13	2	1	"2,6,44,3"
86	1	1	0	"2,11,3,3"
86	1	2	0	"2,11,3,3"
86	2	1	0	"2,11,3,3"
86	2	2	0	"2,11,3,3"
86	3	1	0	"2,11,23,3"
86	3	2	0	"2,11,23,3"
86	4	1	0	"2,11,23,3"
86	4	2	0	"2,11,23,3"
86	5	1	0	"2,11,43,3"
86	5	2	0	"2,11,43,3"
86	6	1	0	"2,11,43,3"
86	6	2	0	"2,11,43,3"
86	7	1	0	"2,11,63,3"
86	7	2	0	"2,11,63,3"
86	8	1	0	"2,11,63,3"
86	8	2	0	"2,11,63,3"
86	9	1	0	"2,11,83,3"
86	9	2	0	"2,11,83,3"
86	10	1	0	"2,11,83,3"
86	10	2	0	"2,11,83,3"
86	11	1	0	"2,11,23,3"
86	11	2	0	"2,11,23,3"
86	12	1	0	"2,11,43,3"
86	12	2	0	"2,11,43,3"
86	13	1	0	"2,11,83,3"
86	13	2	0	"2,11,83,3"
86	1	1	1	"2,11,13,3"
86	1	2	1	"2,11,13,3"
86	2	1	1	"2,11,13,3"
86	2	2	1	"2,11,13,3"
86	3	1	1	"2,11,33,3"
86	3	2	1	"2,11,33,3"
86	4	1	1	"2,11,33,3"
86	4	2	1	"2,11,33,3"
86	5	1	1	"2,11,53,3"
86	5	2	1	"2,11,53,3"
86	6	1	1	"2,11,53,3"
86	6	2	1	"2,11,53,3"
86	7	1	1	"2,11,73,3"
86	7	2	1	"2,11,73,3"
86	8	1	1	"2,11,73,3"
86	8	2	1	"2,11,73,3"
86	9	1	1	"2,11,93,3"
86	9	2	1	"2,11,93,3"
86	10	1	1	"2,11,93,3"
86	10	2	1	"2,11,93,3"
86	11	1	1	"2,11,33,3"
86	11	2	1	"2,11,33,3"
86	12	1	1	"2,11,53,3"
86	12	2	1	"2,11,53,3"
86	13	1	1	"2,11,93,3"
86	13	2	1	"2,11,93,3"
87	1	1	0	"2,4,3,3"
87	1	2	0	"2,4,3,3"
87	2	1	0	"2,4,3,3"
87	2	2	0	"2,4,3,3"
87	3	1	0	"2,4,13,3"
87	3	2	0	"2,4,13,3"
87	4	1	0	"2,4,13,3"
87	4	2	0	"2,4,13,3"
87	5	1	0	"2,4,23,3"
87	5	2	0	"2,4,23,3"
87	6	1	0	"2,4,23,3"
87	6	2	0	"2,4,23,3"
87	7	1	0	"2,4,33,3"
87	7	2	0	"2,4,33,3"
87	8	1	0	"2,4,33,3"
87	8	2	0	"2,4,33,3"
87	9	1	0	"2,4,43,3"
87	9	2	0	"2,4,43,3"
87	10	1	0	"2,4,43,3"
87	10	2	0	"2,4,43,3"
87	11	1	0	"2,4,13,3"
87	11	2	0	"2,4,13,3"
87	12	1	0	"2,4,23,3"
87	12	2	0	"2,4,23,3"
87	13	1	0	"2,4,43,3"
87	13	2	0	"2,4,43,3"
87	1	1	1	"2,4,3,3"
87	1	2	1	"2,4,3,3"
87	2	1	1	"2,4,3,3"
87	2	2	1	"2,4,3,3"
87	3	1	1	"2,4,13,3"
87	3	2	1	"2,4,13,3"
87	4	1	1	"2,4,13,3"
87	4	2	1	"2,4,13,3"
87	5	1	1	"2,4,23,3"
87	5	2	1	"2,4,23,3"
87	6	1	1	"2,4,23,3"
87	6	2	1	"2,4,23,3"
87	7	1	1	"2,4,33,3"
87	7	2	1	"2,4,33,3"
87	8	1	1	"2,4,33,3"
87	8	2	1	"2,4,33,3"
87	9	1	1	"2,4,43,3"
87	9	2	1	"2,4,43,3"
87	10	1	1	"2,4,43,3"
87	10	2	1	"2,4,43,3"
87	11	1	1	"2,4,13,3"
87	11	2	1	"2,4,13,3"
87	12	1	1	"2,4,23,3"
87	12	2	1	"2,4,23,3"
87	13	1	1	"2,4,43,3"
87	13	2	1	"2,4,43,3"
88	1	1	0	"2,5,3,3"
88	1	2	0	"2,5,3,3"
88	2	1	0	"2,5,3,3"
88	2	2	0	"2,5,3,3"
88	3	1	0	"2,5,13,3"
88	3	2	0	"2,5,13,3"
88	4	1	0	"2,5,13,3"
88	4	2	0	"2,5,13,3"
88	5	1	0	"2,5,23,3"
88	5	2	0	"2,5,23,3"
88	6	1	0	"2,5,23,3"
88	6	2	0	"2,5,23,3"
88	7	1	0	"2,5,33,3"
88	7	2	0	"2,5,33,3"
88	8	1	0	"2,5,33,3"
88	8	2	0	"2,5,33,3"
88	9	1	0	"2,5,43,3"
88	9	2	0	"2,5,43,3"
88	10	1	0	"2,5,43,3"
88	10	2	0	"2,5,43,3"
88	11	1	0	"2,5,13,3"
88	11	2	0	"2,5,13,3"
88	12	1	0	"2,5,23,3"
88	12	2	0	"2,5,23,3"
88	13	1	0	"2,5,43,3"
88	13	2	0	"2,5,43,3"
88	1	1	1	"2,5,3,3"
88	1	2	1	"2,5,3,3"
88	2	1	1	"2,5,3,3"
88	2	2	1	"2,5,3,3"
88	3	1	1	"2,5,13,3"
88	3	2	1	"2,5,13,3"
88	4	1	1	"2,5,13,3"
88	4	2	1	"2,5,13,3"
88	5	1	1	"2,5,23,3"
88	5	2	1	"2,5,23,3"
88	6	1	1	"2,5,23,3"
88	6	2	1	"2,5,23,3"
88	7	1	1	"2,5,33,3"
88	7	2	1	"2,5,33,3"
88	8	1	1	"2,5,33,3"
88	8	2	1	"2,5,33,3"
88	9	1	1	"2,5,43,3"
88	9	2	1	"2,5,43,3"
88	10	1	1	"2,5,43,3"
88	10	2	1	"2,5,43,3"
88	11	1	1	"2,5,13,3"
88	11	2	1	"2,5,13,3"
88	12	1	1	"2,5,23,3"
88	12	2	1	"2,5,23,3"
88	13	1	1	"2,5,43,3"
88	13	2	1	"2,5,43,3"
89	1	1	0	"2,9,23,3"
89	1	2	0	"2,9,3,3"
89	2	1	0	"2,9,3,3"
89	2	2	0	"2,9,3,3"
89	3	1	0	"2,9,43,3"
89	3	2	0	"2,9,43,3"
89	4	1	0	"2,9,43,3"
89	4	2	0	"2,9,63,3"
89	5	1	0	"2,9,103,3"
89	5	2	0	"2,9,103,3"
89	6	1	0	"2,9,103,3"
89	6	2	0	"2,9,103,3"
89	7	1	0	"2,9,143,3"
89	7	2	0	"2,9,143,3"
89	8	1	0	"2,9,123,3"
89	8	2	0	"2,9,143,3"
89	9	1	0	"2,9,183,3"
89	9	2	0	"2,9,163,3"
89	10	1	0	"2,9,183,3"
89	10	2	0	"2,9,183,3"
89	11	1	0	"2,9,43,3"
89	11	2	0	"2,9,43,3"
89	12	1	0	"2,9,83,3"
89	12	2	0	"2,9,103,3"
89	13	1	0	"2,9,1003,3"
89	13	2	0	"2,9,1003,3"
89	1	1	1	"2,9,33,3"
89	1	2	1	"2,9,13,3"
89	2	1	1	"2,9,13,3"
89	2	2	1	"2,9,13,3"
89	3	1	1	"2,9,53,3"
89	3	2	1	"2,9,53,3"
89	4	1	1	"2,9,53,3"
89	4	2	1	"2,9,73,3"
89	5	1	1	"2,9,113,3"
89	5	2	1	"2,9,113,3"
89	6	1	1	"2,9,113,3"
89	6	2	1	"2,9,113,3"
89	7	1	1	"2,9,153,3"
89	7	2	1	"2,9,153,3"
89	8	1	1	"2,9,133,3"
89	8	2	1	"2,9,153,3"
89	9	1	1	"2,9,193,3"
89	9	2	1	"2,9,173,3"
89	10	1	1	"2,9,193,3"
89	10	2	1	"2,9,193,3"
89	11	1	1	"2,9,53,3"
89	11	2	1	"2,9,53,3"
89	12	1	1	"2,9,93,3"
89	12	2	1	"2,9,113,3"
89	13	1	1	"2,9,1013,3"
89	13	2	1	"2,9,1013,3"
90	1	1	0	"2,1,188,7"
90	1	2	0	"2,1,198,7"
90	2	1	0	"2,1,208,7"
90	2	2	0	"2,1,218,7"
90	3	1	0	"2,2,27,7"
90	3	2	0	"2,2,37,7"
90	4	1	0	"2,1,228,7"
90	4	2	0	"2,1,238,7"
90	5	1	0	"2,1,268,7"
90	5	2	0	"2,1,278,7"
90	6	1	0	"2,1,278,7"
90	6	2	0	"2,1,248,7"
90	7	1	0	"2,1,308,7"
90	7	2	0	"2,1,288,7"
90	8	1	0	"2,1,298,7"
90	8	2	0	"2,1,318,7"
90	9	1	0	"2,1,348,7"
90	9	2	0	"2,1,338,7"
90	10	1	0	"2,1,328,7"
90	10	2	0	"2,1,358,7"
90	11	1	0	"2,1,928,7"
90	11	2	0	"2,1,938,7"
90	12	1	0	"2,1,258,7"
90	12	2	0	"2,1,278,7"
90	13	1	0	"2,1,1483,7"
90	13	2	0	"2,2,181,7"
90	1	1	1	"2,1,188,7"
90	1	2	1	"2,1,198,7"
90	2	1	1	"2,1,208,7"
90	2	2	1	"2,1,218,7"
90	3	1	1	"2,2,27,7"
90	3	2	1	"2,2,37,7"
90	4	1	1	"2,1,228,7"
90	4	2	1	"2,1,238,7"
90	5	1	1	"2,1,268,7"
90	5	2	1	"2,1,278,7"
90	6	1	1	"2,1,278,7"
90	6	2	1	"2,1,248,7"
90	7	1	1	"2,1,308,7"
90	7	2	1	"2,1,288,7"
90	8	1	1	"2,1,298,7"
90	8	2	1	"2,1,318,7"
90	9	1	1	"2,1,348,7"
90	9	2	1	"2,1,338,7"
90	10	1	1	"2,1,328,7"
90	10	2	1	"2,1,358,7"
90	11	1	1	"2,1,928,7"
90	11	2	1	"2,1,938,7"
90	12	1	1	"2,1,258,7"
90	12	2	1	"2,1,278,7"
90	13	1	1	"2,1,1483,7"
90	13	2	1	"2,2,181,7"
